imgs/North glacier/consensus_resized.tif
ncols        305
nrows        320
xllcorner    597500.000000000000
yllcorner    6751000.000000000000
cellsize     20.000000000000
NODATA_value  -9999
[rows 50 to 74 of 320, columns 0 to 56 of 305]
0 0 0 0 0 0 0 15.879213333129882813 31.967004776000976563 42.87163543701171875 52.07387542724609375 60.605701446533203125 68.48079681396484375 75.7474212646484375 82.39007568359375 88.2940216064453125 92.56447601318359375 95.9162445068359375 98.3335723876953125 99.3465118408203125 100.42801666259765625 101.56912994384765625 102.23436737060546875 102.18880462646484375 101.3907623291015625 98.3054656982421875 93.09984588623046875 86.10475921630859375 76.54199981689453125 67.90643310546875 59.43347930908203125 48.74452972412109375 39.37646484375 28.24721527099609375 6.5928673744201660156 0.1220027431845664978 0 0 0 0 0 0 0 0 0 0 0 0 0 0 0 0 0 0 0 0 0
0 0 0 0 0 0 0 15.031274795532226563 30.466922760009765625 41.369228363037109375 49.95743560791015625 58.1159515380859375 66.11749267578125 73.53282928466796875 80.307281494140625 86.31832122802734375 91.012298583984375 94.69792938232421875 97.33231353759765625 98.7401885986328125 100.0023345947265625 101.126983642578125 102.02967071533203125 102.23285675048828125 101.69335174560546875 98.8740081787109375 94.1861724853515625 87.91146087646484375 79.29308319091796875 70.8151702880859375 62.257488250732421875 52.763347625732421875 44.540630340576171875 36.206157684326171875 24.629861831665039063 11.102250099182128906 0 0 0 0 0 0 0 0 0 0 0 0 0 0 0 0 0 0 0 0 0
0 0 0 0 0 0 0 14.413908004760742188 29.073787689208984375 39.130908966064453125 47.621028900146484375 55.788616180419921875 63.801670074462890625 71.35367584228515625 78.2796783447265625 84.446502685546875 89.455535888671875 93.47058868408203125 96.44181060791015625 98.1885986328125 99.65048980712890625 100.84198760986328125 101.8016357421875 102.0453643798828125 101.54332733154296875 98.89772796630859375 94.645355224609375 89.0355682373046875 81.469085693359375 73.54795074462890625 65.365875244140625 56.887790679931640625 49.626312255859375 42.903316497802734375 35.8862152099609375 17.68896484375 0 0 0 0 0 0 0 0 0 0 0 0 0 0 0 0 0 0 0 0 0
0 0 0 0 0 0 0 13.936062812805175781 27.83556365966796875 36.79026031494140625 45.320613861083984375 53.580814361572265625 61.51990509033203125 69.184417724609375 76.272674560546875 82.64398956298828125 87.91037750244140625 92.2620086669921875 95.65511322021484375 97.728912353515625 99.42076873779296875 100.7434844970703125 101.6201324462890625 101.7327728271484375 101.0793304443359375 98.53163909912109375 94.65670013427734375 89.6783294677734375 83.229156494140625 76.16847991943359375 68.70510101318359375 61.003124237060546875 54.4741363525390625 48.45306396484375 42.099422454833984375 22.977338790893554688 3.4418330192565917969 0.69901692867279052734 0 0 0 0 0 0 0 0 0 0 0 0 0 0 0 0 0 0 0
0 0 0 0 0 0 0 13.351002693176269531 26.9985809326171875 36.5067291259765625 43.967937469482421875 51.4037933349609375 59.242687225341796875 66.94087982177734375 74.176025390625 80.82537841796875 86.4392852783203125 91.1787567138671875 95.00084686279296875 97.5377349853515625 99.5439910888671875 101.02895355224609375 101.75272369384765625 101.60291290283203125 100.62531280517578125 98.11822509765625 94.6179656982421875 90.29708099365234375 84.91695404052734375 78.8419036865234375 72.20589447021484375 64.70423126220703125 58.406612396240234375 52.670101165771484375 46.765148162841796875 37.10991668701171875 24.092830657958984375 4.8931183815002441406 0 0 0 0 0 0 0 0 0 0 0 0 0 0 0 0 0 0 0
0 0 0 0 0 0 0 12.887124061584472656 25.873556137084960938 34.527347564697265625 41.898807525634765625 49.2639617919921875 56.89623260498046875 64.57573699951171875 71.93106842041015625 78.858673095703125 84.7935333251953125 89.93854522705078125 94.2579803466796875 97.17928314208984375 99.4608001708984375 101.11287689208984375 101.85187530517578125 101.667633056640625 100.63871002197265625 98.39151763916015625 95.31293487548828125 91.5634002685546875 87.05771636962890625 81.73626708984375 75.78087615966796875 68.95067596435546875 62.76227569580078125 56.862667083740234375 50.8284759521484375 43.79340362548828125 34.423664093017578125 18.473354339599609375 7.1569108963012695313 0 0 0 0 0 0 0 0 0 0 0 0 0 0 0 0 0 0
0 0 0 0 0 0 0 12.42053985595703125 24.79914093017578125 32.753818511962890625 40.001438140869140625 47.239376068115234375 54.615131378173828125 62.303874969482421875 69.8031768798828125 77.0180206298828125 83.28343963623046875 88.84427642822265625 93.67211151123046875 96.96063232421875 99.54091644287109375 101.42474365234375 102.30939483642578125 102.28092193603515625 101.427154541015625 99.502105712890625 96.80511474609375 93.49219512939453125 89.5345001220703125 84.77190399169921875 79.41605377197265625 73.38251495361328125 67.3556976318359375 61.294239044189453125 55.067470550537109375 48.275814056396484375 40.948841094970703125 32.59136962890625 18.465814590454101563 5.4424753189086914063 0.96682262420654296875 0 0 0 0 0 0 0 0 0 0 0 0 0 0 0 0
0 0 0 0 0 0 0 11.860764503479003906 24.0391693115234375 32.637844085693359375 38.982685089111328125 45.43035125732421875 52.5214996337890625 60.3160400390625 68.02861785888671875 75.54947662353515625 82.1847991943359375 88.17034912109375 93.4804534912109375 97.15680694580078125 100.11357879638671875 102.36161041259765625 103.54486846923828125 103.9075775146484375 103.5083465576171875 101.8780059814453125 99.44440460205078125 96.346893310546875 92.3910064697265625 87.94518280029296875 83.124298095703125 77.81053924560546875 72.14366912841796875 66.24622344970703125 60.11095428466796875 53.507205963134765625 46.920978546142578125 41.063037872314453125 33.340362548828125 22.332916259765625 3.9673066139221191406 0 0 0 0 0 0 0 0 0 0 0 0 0 0 0 0
0 0 0 0 0 0 0 11.204328536987304688 22.639558792114257813 30.568498611450195313 36.3428955078125 42.710357666015625 50.44876861572265625 58.58011627197265625 66.61174774169921875 74.4660491943359375 81.32886505126953125 87.56072998046875 93.14379119873046875 97.285064697265625 100.6161956787109375 103.15404510498046875 104.72147369384765625 105.54758453369140625 105.66439056396484375 104.392669677734375 102.14266204833984375 99.11548614501953125 95.29912567138671875 91.1086883544921875 86.67528533935546875 82.1154022216796875 77.29163360595703125 72.1575469970703125 66.24536895751953125 60.092327117919921875 53.839115142822265625 47.585845947265625 40.624664306640625 31.923089981079101563 19.056554794311523438 7.6582269668579101563 0 0 0 0 0 0 0 0 0 0 0 0 0 0 0
0 0 0 0 0 0 0 7.2090063095092773438 16.664102554321289063 27.644453048706054688 34.186126708984375 40.80680084228515625 48.50606536865234375 56.8735504150390625 65.18207550048828125 73.33307647705078125 80.3921966552734375 86.80279541015625 92.55043792724609375 96.91684722900390625 100.58647918701171875 103.57013702392578125 105.57506561279296875 106.94207763671875 107.66548919677734375 106.7551422119140625 104.746856689453125 101.85926055908203125 98.027923583984375 94.1022491455078125 90.149627685546875 86.36257171630859375 82.35628509521484375 78.01236724853515625 72.67476654052734375 66.8353424072265625 60.559841156005859375 53.504299163818359375 46.280452728271484375 38.7901763916015625 30.719217300415039063 18.556062698364257813 7.3924927711486816406 1.1126751899719238281 0 0 0 0 0 0 0 0 0 0 0 0 0
0 0 0 0 0 0 0 0 6.3343715667724609375 24.087820053100585938 32.6507415771484375 39.776058197021484375 46.68869781494140625 55.164234161376953125 63.690032958984375 72.09235382080078125 79.33284759521484375 85.87310028076171875 91.69663238525390625 96.03649139404296875 100.00203704833984375 103.58582305908203125 106.0782928466796875 108.05414581298828125 109.46112823486328125 108.91574859619140625 107.2221832275390625 104.566162109375 100.5731964111328125 96.93441009521484375 93.5661163330078125 90.5503387451171875 87.2661590576171875 83.66049957275390625 79.237945556640625 73.5285797119140625 66.90682220458984375 58.99079132080078125 51.098720550537109375 43.582302093505859375 37.08725738525390625 31.518909454345703125 22.117450714111328125 3.3289906978607177734 0 0 0 0 0 0 0 0 0 0 0 0 0
0 0 0 0 0 0 0 0 5.6869254112243652344 21.625766754150390625 29.356899261474609375 36.531982421875 44.6289520263671875 53.382843017578125 62.11391448974609375 70.73586273193359375 78.18918609619140625 84.912200927734375 90.88538360595703125 95.53470611572265625 99.7339019775390625 103.489501953125 106.50623321533203125 108.9546051025390625 110.7973480224609375 110.75925445556640625 109.3762359619140625 106.92961883544921875 103.43719482421875 100.16009521484375 97.09860992431640625 94.5458526611328125 91.836090087890625 88.82550811767578125 84.8464813232421875 79.23670196533203125 72.5214080810546875 64.3399505615234375 56.268398284912109375 48.626819610595703125 42.075901031494140625 35.201656341552734375 24.131494522094726563 3.6321327686309814453 0 0 0 0 0 0 0 0 0 0 0 0 0
0 0 0 0 0 0 0 0 5.2074151039123535156 19.802326202392578125 27.45135498046875 34.823497772216796875 43.27165985107421875 52.078510284423828125 60.94371795654296875 69.8415069580078125 77.52082061767578125 84.48949432373046875 90.73290252685546875 95.5993804931640625 99.99332427978515625 103.922943115234375 107.121368408203125 109.80146026611328125 111.916778564453125 112.15245819091796875 111.09416961669921875 109.0013580322265625 105.81069183349609375 102.90692901611328125 100.2492218017578125 98.0320892333984375 95.73697662353515625 93.1187744140625 89.264007568359375 83.78765106201171875 77.2427825927734375 69.3455657958984375 61.279041290283203125 53.587352752685546875 47.098522186279296875 39.49384307861328125 29.699777603149414063 15.584809303283691406 5.8126649856567382813 0 0 0 0 0 0 0 0 0 0 0 0
0 0 0 0 0 0 0 0 4.8828725814819335938 18.568181991577148438 26.29807281494140625 33.77068328857421875 42.135517120361328125 50.926876068115234375 59.911357879638671875 69.09563446044921875 76.99822998046875 84.23725128173828125 90.80678558349609375 95.87335968017578125 100.4398040771484375 104.5100555419921875 107.65032196044921875 110.341552734375 112.5316314697265625 112.9361724853515625 112.22365570068359375 110.58942413330078125 107.77411651611328125 105.30309295654296875 103.0834808349609375 101.14031982421875 99.07694244384765625 96.6248016357421875 92.741851806640625 87.4508514404296875 81.2550506591796875 73.96390533447265625 66.11812591552734375 58.485836029052734375 51.9742431640625 44.260303497314453125 37.035282135009765625 31.693365097045898438 15.9336395263671875 3.1460061073303222656 0.38234487175941467285 0 0 0 0 0 0 0 0 0 0
0 0 0 0 0 0 0 0 4.7740988731384277344 18.154546737670898438 24.952386856079101563 31.845876693725585938 40.306079864501953125 49.313785552978515625 58.515880584716796875 67.9048004150390625 75.99211883544921875 83.4576873779296875 90.30139923095703125 95.70395660400390625 100.4439544677734375 104.52526092529296875 107.4522552490234375 109.851348876953125 111.72994232177734375 112.41655731201171875 112.0976715087890625 111.00119781494140625 109.2663421630859375 107.4248046875 105.56179046630859375 103.9377899169921875 101.7682952880859375 99.074981689453125 95.28499603271484375 90.3001708984375 84.5499114990234375 77.87827301025390625 70.66017913818359375 63.334148406982421875 56.2275238037109375 49.480587005615234375 43.285247802734375 38.12877655029296875 29.578765869140625 18.048139572143554688 2.1934521198272705078 0 0 0 0 0 0 0 0 0 0
0 0 0 0 0 0 0 0 2.1157400608062744141 8.0455608367919921875 19.60112762451171875 30.759244918823242188 40.09612274169921875 48.421966552734375 57.029605865478515625 66.126190185546875 74.2279205322265625 81.7761077880859375 88.76180267333984375 94.39949798583984375 99.32275390625 103.5338134765625 106.4847412109375 108.853668212890625 110.6812896728515625 111.62430572509765625 111.78318023681640625 111.3325042724609375 110.35825347900390625 109.105743408203125 107.68178558349609375 106.21710205078125 104.11232757568359375 101.4653472900390625 97.8466949462890625 93.24707794189453125 88.027130126953125 82.07851409912109375 75.51708984375 68.68869781494140625 61.700771331787109375 55.260356903076171875 49.262828826904296875 43.935726165771484375 37.26148223876953125 27.843446731567382813 13.709560394287109375 4.9136180877685546875 0 0 0 0 0 0 0 0 0
0 0 0 0 0 0 0 0 0 0 14.6933135986328125 28.757680892944335938 38.690303802490234375 47.167266845703125 55.546756744384765625 63.975238800048828125 72.113983154296875 79.77300262451171875 86.91374969482421875 92.7487640380859375 97.8681793212890625 102.27385711669921875 105.41561126708984375 107.9276275634765625 109.87328338623046875 111.11716461181640625 111.744354248046875 111.8934173583984375 111.64086151123046875 110.95085906982421875 109.95745086669921875 108.705169677734375 106.7467498779296875 104.24753570556640625 100.92601776123046875 96.75681304931640625 92.06070709228515625 86.76627349853515625 80.7930450439453125 74.4582061767578125 67.76346588134765625 61.2994842529296875 55.09838104248046875 49.35480499267578125 42.832836151123046875 35.253021240234375 25.962268829345703125 13.977544784545898438 4.672664642333984375 0.42292422056198120117 0 0 0 0 0 0 0
0 0 0 0 0 0 0 0 0 0 12.402935981750488281 24.788354873657226563 34.470340728759765625 44.9523773193359375 54.11179351806640625 61.452861785888671875 69.74634552001953125 77.63147735595703125 85.01093292236328125 91.0245819091796875 96.35793304443359375 101.0154266357421875 104.526611328125 107.35988616943359375 109.59511566162109375 111.22849273681640625 112.26879119873046875 112.88812255859375 113.4378814697265625 113.28326416015625 112.6676025390625 111.79331207275390625 110.0432891845703125 107.73418426513671875 104.89081573486328125 101.1935882568359375 96.97095489501953125 92.16396331787109375 86.64727783203125 80.71044921875 74.2803955078125 67.5279693603515625 60.81451416015625 54.394420623779296875 47.513286590576171875 40.902294158935546875 35.001361846923828125 27.938974380493164063 17.416296005249023438 1.576353907585144043 0 0 0 0 0 0 0
0 0 0 0 0 0 0 0 0 0 4.1238656044006347656 14.507993698120117188 33.56536865234375 41.670955657958984375 49.716121673583984375 59.00606536865234375 67.1488189697265625 74.94754791259765625 82.42513275146484375 88.798919677734375 94.51458740234375 99.5725555419921875 103.44950103759765625 106.79416656494140625 109.6392059326171875 111.61490631103515625 113.1477203369140625 114.30710601806640625 114.932952880859375 115.1961517333984375 115.1593475341796875 114.62905120849609375 113.43711090087890625 111.7397613525390625 109.27754974365234375 106.07851409912109375 102.3474578857421875 97.8424224853515625 92.52873992919921875 86.75955963134765625 80.49295806884765625 73.803436279296875 66.94696044921875 59.9746551513671875 53.478481292724609375 47.38397216796875 41.864437103271484375 34.85416412353515625 22.551324844360351563 2.0411269664764404297 0 0 0 0 0 0 0
0 0 0 0 0 0 0 0 0 0 0 8.430389404296875 29.739095687866210938 38.2725982666015625 46.834873199462890625 56.9783782958984375 64.2357635498046875 71.6208953857421875 79.3034515380859375 85.94542694091796875 92.0152435302734375 97.511138916015625 101.89701080322265625 105.81653594970703125 109.28112030029296875 111.7569122314453125 113.7904510498046875 115.4253387451171875 116.31752777099609375 116.95255279541015625 117.33867645263671875 117.16677093505859375 116.44132232666015625 115.24859619140625 113.22260284423828125 110.46981048583984375 107.15862274169921875 102.9686431884765625 97.9163818359375 92.39223480224609375 86.37610626220703125 79.895965576171875 73.14951324462890625 66.08513641357421875 59.550815582275390625 53.4310760498046875 47.888813018798828125 40.666927337646484375 30.041841506958007813 14.327348709106445313 5.0007786750793457031 0 0 0 0 0 0
0 0 0 0 0 0 0 0 0 0 0 6.253814697265625 22.060998916625976563 34.3898162841796875 45.332630157470703125 54.89160919189453125 60.919071197509765625 67.76587677001953125 75.714447021484375 82.57183837890625 88.98334503173828125 94.946929931640625 99.9646759033203125 104.50421905517578125 108.58045196533203125 111.68476104736328125 114.20905303955078125 116.24372100830078125 117.57497406005859375 118.5245361328125 119.16651153564453125 119.3360595703125 118.9585113525390625 118.1408843994140625 116.59441375732421875 114.23683929443359375 111.2830352783203125 107.4409027099609375 102.7413787841796875 97.5733184814453125 91.9179229736328125 85.78989410400390625 79.38776397705078125 72.65523529052734375 65.70177459716796875 59.102313995361328125 53.2747039794921875 45.921131134033203125 39.718982696533203125 35.784938812255859375 15.221181869506835938 1.594758152961730957 0.091236762702465057373 0 0 0 0
0 0 0 0 0 0 0 0 0 0 0 1.5240389108657836914 5.3762102127075195313 26.593469619750976563 42.337551116943359375 48.858791351318359375 56.456325531005859375 64.1848297119140625 72.00115966796875 79.4442138671875 86.3986358642578125 92.8613128662109375 98.43682861328125 103.572357177734375 108.26410675048828125 111.83087921142578125 114.72713470458984375 117.0452880859375 118.45183563232421875 119.5220794677734375 120.297698974609375 120.5210723876953125 120.34764862060546875 119.8258209228515625 118.6482696533203125 116.66706085205078125 114.10755157470703125 110.7106170654296875 106.58200836181640625 102.0207977294921875 96.95259857177734375 91.42549896240234375 85.571624755859375 79.25772857666015625 72.300445556640625 65.37221527099609375 58.766170501708984375 51.8128814697265625 45.99532318115234375 42.11298370361328125 31.241579055786132813 17.542339324951171875 1.0036044120788574219 0 0 0 0
0 0 0 0 0 0 0 0 0 0 0 0 0 18.908674240112304688 35.151153564453125 45.63803863525390625 53.037624359130859375 60.514057159423828125 68.24208831787109375 76.417083740234375 84.07762908935546875 91.214935302734375 97.42954254150390625 103.056243896484375 108.10761260986328125 111.8883819580078125 114.9440765380859375 117.39371490478515625 119.013153076171875 120.248016357421875 121.14244842529296875 121.38531494140625 121.3671875 121.07099151611328125 120.13062286376953125 118.46028900146484375 116.254638671875 113.2538909912109375 109.76592254638671875 105.93121337890625 101.59578704833984375 96.75724029541015625 91.50765228271484375 85.632568359375 78.9144744873046875 72.01068878173828125 65.09896087646484375 58.256343841552734375 52.287624359130859375 47.72026824951171875 39.9770660400390625 29.494541168212890625 15.712584495544433594 5.4383749961853027344 0 0 0
0 0 0 0 0 0 0 0 0 0 0 0 0 10.850481986999511719 24.786304473876953125 41.426971435546875 49.581058502197265625 57.046169281005859375 64.20114898681640625 73.14464569091796875 81.527801513671875 89.33123016357421875 96.1074981689453125 102.14020538330078125 107.46376800537109375 111.42522430419921875 114.5926361083984375 117.13666534423828125 119.100341796875 120.59009552001953125 121.66605377197265625 121.97194671630859375 122.06778717041015625 121.91881561279296875 121.15997314453125 119.76285552978515625 117.89423370361328125 115.31865692138671875 112.47693634033203125 109.37636566162109375 105.80924224853515625 101.658111572265625 97.0117340087890625 91.597686767578125 85.28752899169921875 78.6647186279296875 71.81194305419921875 64.92267608642578125 58.51064300537109375 52.88323974609375 45.371257781982421875 38.678195953369140625 33.40423583984375 15.268418312072753906 3.4525187015533447266 0.073812700808048248291 0
0 0 0 0 0 0 0 0 0 0 0 0 0 1.5500688552856445313 10.96698760986328125 30.436651229858398438 44.568302154541015625 54.2935791015625 59.40254974365234375 69.01845550537109375 77.9462432861328125 86.14788055419921875 93.14765167236328125 99.48334503173828125 105.178924560546875 109.5680694580078125 113.00250244140625 115.7434234619140625 118.2433319091796875 120.19016265869140625 121.65082550048828125 122.19409942626953125 122.35111236572265625 122.21820068359375 121.66120147705078125 120.51824951171875 118.99362945556640625 116.99555206298828125 114.71982574462890625 112.209930419921875 109.31304168701171875 105.72467803955078125 101.60073089599609375 96.68453216552734375 90.93730926513671875 84.8536376953125 78.46730804443359375 71.47417449951171875 64.5097198486328125 57.7501068115234375 51.120899200439453125 45.330120086669921875 40.677745819091796875 30.360033035278320313 16.962373733520507813 0.36264503002166748047 0
