imgs/North glacier/consensus_resized.tif
ncols        305
nrows        320
xllcorner    597500.000000000000
yllcorner    6751000.000000000000
cellsize     20.000000000000
NODATA_value  -9999
[rows 100 to 124 of 320, columns 57 to 113 of 305]
135.8409576416015625 134.5475006103515625 133.1813812255859375 131.816802978515625 130.4413299560546875 128.859466552734375 127.11606597900390625 125.213775634765625 122.93271636962890625 120.39897918701171875 117.5841064453125 113.9753265380859375 109.69777679443359375 104.7704315185546875 98.42995452880859375 91.42835235595703125 84.0740814208984375 76.5029296875 69.165435791015625 62.5487213134765625 57.8358001708984375 50.316226959228515625 37.064117431640625 11.768671989440917969 3.1415779590606689453 0 0 0 0 0 0 0 0 0 0 0 0 0 0 0 0 0 0 0 0 0 0 0 0 0 0 0 0 0 0 0 0
137.4468841552734375 136.2788543701171875 134.9686737060546875 133.6953582763671875 132.448638916015625 131.11260986328125 129.618865966796875 127.9861297607421875 126.13800048828125 124.13512420654296875 121.9100341796875 118.87395477294921875 115.06499481201171875 110.52986907958984375 104.48053741455078125 97.6563568115234375 90.393707275390625 82.7829437255859375 75.3536529541015625 68.050628662109375 60.9256591796875 54.1985321044921875 46.976589202880859375 38.2427825927734375 16.6054840087890625 0 0 0 0 0 0 0 0 0 0 0 0 0 0 0 0 0 0 0 0 0 0 0 0 0 0 0 0 0 0 0 0
138.946136474609375 137.9381256103515625 136.70587158203125 135.4804229736328125 134.2592620849609375 133.0115509033203125 131.634246826171875 130.15582275390625 128.625335693359375 127.0222015380859375 125.2606658935546875 122.76746368408203125 119.41677093505859375 115.29738616943359375 109.6755828857421875 103.220916748046875 96.28243255615234375 88.9230499267578125 81.55377197265625 74.220550537109375 67.006378173828125 60.11502838134765625 53.846893310546875 48.875030517578125 35.372955322265625 19.416202545166015625 2.5752186775207519531 0 0 0 0 0 0 0 0 0 0 0 0 0 0 0 0 0 0 0 0 0 0 0 0 0 0 0 0 0 0
140.2673797607421875 139.4305267333984375 138.321502685546875 137.16943359375 135.9777374267578125 134.7447357177734375 133.4131317138671875 132.0192108154296875 130.72564697265625 129.437408447265625 128.056915283203125 126.0560760498046875 123.1839447021484375 119.545501708984375 114.4512481689453125 108.468536376953125 101.95384979248046875 94.9308929443359375 87.78780364990234375 80.70330047607421875 73.92746734619140625 67.0775604248046875 60.7025146484375 55.55132293701171875 49.818965911865234375 38.392505645751953125 15.565728187561035156 5.1665902137756347656 0 0 0 0 0 0 0 0 0 0 0 0 0 0 0 0 0 0 0 0 0 0 0 0 0 0 0 0 0
141.34796142578125 140.68707275390625 139.7644195556640625 138.7417755126953125 137.6233673095703125 136.34710693359375 134.998779296875 133.6218414306640625 132.4805145263671875 131.4217987060546875 130.3388824462890625 128.761962890625 126.40407562255859375 123.34039306640625 118.8809814453125 113.4609222412109375 107.44146728515625 100.7821044921875 94.07073974609375 87.43318939208984375 81.074615478515625 74.939453125 68.64833831787109375 61.8084259033203125 55.53326416015625 49.572200775146484375 43.980724334716796875 18.452106475830078125 0 0 0 0 0 0 0 0 0 0 0 0 0 0 0 0 0 0 0 0 0 0 0 0 0 0 0 0 0
141.9762420654296875 141.5450439453125 140.895538330078125 140.0675201416015625 139.07135009765625 137.841094970703125 136.516876220703125 135.1514434814453125 134.05548095703125 133.1009368896484375 132.1819915771484375 130.9173583984375 128.971954345703125 126.396636962890625 122.53414154052734375 117.80394744873046875 112.49919891357421875 106.4925537109375 100.47156524658203125 94.55202484130859375 88.95265960693359375 83.01557159423828125 76.73584747314453125 69.8616790771484375 63.184906005859375 57.05152130126953125 51.936992645263671875 40.419506072998046875 30.002965927124023438 23.487079620361328125 9.1347608566284179688 0 0 0 0 0 0 0 0 0 0 0 0 0 0 0 0 0 0 0 0 0 0 0 0 0 0
142.363006591796875 142.1988983154296875 141.7739410400390625 141.1471710205078125 140.3295745849609375 139.2343292236328125 137.9920806884765625 136.668212890625 135.6017913818359375 134.6937255859375 133.856597900390625 132.83404541015625 131.201904296875 129.02081298828125 125.75960540771484375 121.65020751953125 117.026885986328125 111.895721435546875 106.67147064208984375 101.484527587890625 96.512481689453125 90.87178802490234375 84.77246856689453125 78.0373077392578125 71.3657379150390625 65.00707244873046875 59.25949859619140625 53.977626800537109375 47.741535186767578125 39.7106781005859375 24.861873626708984375 11.263738632202148438 0.78820192813873291016 0 0 0 0 0 0 0 0 0 0 0 0 0 0 0 0 0 0 0 0 0 0 0 0
142.544677734375 142.674346923828125 142.4331512451171875 142.0052642822265625 141.39892578125 140.5037689208984375 139.4044036865234375 138.174163818359375 137.1346588134765625 136.2289581298828125 135.40203857421875 134.5407562255859375 133.1325225830078125 131.264190673828125 128.58270263671875 125.04735565185546875 121.0893402099609375 116.97382354736328125 112.606658935546875 108.13787841796875 103.64263153076171875 98.394500732421875 92.63878631591796875 86.188873291015625 79.84960174560546875 73.4050140380859375 66.690521240234375 60.41242218017578125 54.467029571533203125 48.96044158935546875 44.190677642822265625 31.091863632202148438 5.634403228759765625 3.3172967433929443359 2.1531305313110351563 0.075634896755218505859 0 0 0 0 0 0 0 0 0 0 0 0 0 0 0 0 0 0 0 0 0
142.610931396484375 143.01239013671875 142.972381591796875 142.6998443603515625 142.2112274169921875 141.46728515625 140.6087799072265625 139.66424560546875 138.706085205078125 137.8066253662109375 136.9414825439453125 136.0598602294921875 134.8087921142578125 133.21600341796875 130.9252471923828125 128.0697479248046875 124.906707763671875 121.534881591796875 117.87261962890625 113.98662567138671875 109.750762939453125 104.887908935546875 99.6170654296875 93.80434417724609375 87.73119354248046875 81.35157012939453125 74.46990966796875 68.0214385986328125 62.015865325927734375 56.64057159423828125 51.66374969482421875 44.740947723388671875 34.8878936767578125 30.458814620971679688 19.769651412963867188 0.69446587562561035156 0 0 0 0 0 0 0 0 0 0 0 0 0 0 0 0 0 0 0 0 0
142.4338226318359375 143.021331787109375 143.115234375 142.9559783935546875 142.5667572021484375 141.988555908203125 141.3864288330078125 140.74908447265625 139.9440460205078125 139.119354248046875 138.27056884765625 137.34552001953125 136.19769287109375 134.8247222900390625 132.939178466796875 130.6523284912109375 128.117767333984375 125.3259429931640625 122.10178375244140625 118.558319091796875 114.5352325439453125 110.02390289306640625 105.24904632568359375 100.1856231689453125 94.8607177734375 89.15329742431640625 82.7883148193359375 76.28752899169921875 69.9950714111328125 64.10497283935546875 58.376743316650390625 52.834716796875 47.535205841064453125 42.76212310791015625 33.973102569580078125 20.104967117309570313 6.8439207077026367188 0 0 0 0 0 0 0 0 0 0 0 0 0 0 0 0 0 0 0 0
141.9681549072265625 142.6824951171875 142.8494873046875 142.7734222412109375 142.4818267822265625 142.0981597900390625 141.7537384033203125 141.413818359375 140.8396148681640625 140.15521240234375 139.3745574951171875 138.4187469482421875 137.3594207763671875 136.1779022216796875 134.6739501953125 132.900909423828125 130.9007110595703125 128.4999237060546875 125.5287017822265625 122.16353607177734375 118.24762725830078125 114.1184539794921875 109.9149169921875 105.68563079833984375 101.30503082275390625 96.52655029296875 91.0053863525390625 84.64801788330078125 78.1190032958984375 71.55411529541015625 65.0067138671875 58.881900787353515625 53.373683929443359375 48.8837432861328125 44.932422637939453125 41.5513916015625 19.804216384887695313 7.7642259597778320313 6.8478336334228515625 2.2151048183441162109 0 0 0 0 0 0 0 0 0 0 0 0 0 0 0 0 0
141.0233306884765625 141.806121826171875 141.96307373046875 141.93878173828125 141.760650634765625 141.630157470703125 141.529693603515625 141.4378509521484375 141.216522216796875 140.7663421630859375 140.1277618408203125 139.199798583984375 138.2506866455078125 137.2490081787109375 136.0490264892578125 134.7711639404296875 133.246124267578125 130.9274749755859375 128.025054931640625 124.67893218994140625 120.647552490234375 117.0178070068359375 113.5690460205078125 110.269561767578125 106.80579376220703125 102.947174072265625 98.35839080810546875 92.52178192138671875 86.1396942138671875 79.20400238037109375 72.26776123046875 65.7981719970703125 60.013217926025390625 55.4669647216796875 51.260150909423828125 47.35192108154296875 41.0410003662109375 35.7154388427734375 31.500036239624023438 10.189481735229492188 0 0 0 0 0 0 0 0 0 0 0 0 0 0 0 0 0
139.5245819091796875 140.4374542236328125 140.6600341796875 140.7292938232421875 140.676361083984375 140.79803466796875 140.991424560546875 141.2203369140625 141.2826995849609375 141.0877227783203125 140.6756134033203125 139.90374755859375 139.092376708984375 138.2328948974609375 137.24334716796875 136.17095947265625 134.8512115478515625 132.745361328125 129.98486328125 126.79901885986328125 123.061370849609375 119.81984710693359375 116.84032440185546875 114.13979339599609375 111.33585357666015625 108.17134857177734375 104.3173370361328125 99.08950042724609375 93.23748016357421875 86.735137939453125 80.15663909912109375 73.90625 68.15152740478515625 63.317134857177734375 58.50830078125 53.637676239013671875 49.919803619384765625 46.138164520263671875 42.218227386474609375 28.695928573608398438 14.394975662231445313 0 0 0 0 0 0 0 0 0 0 0 0 0 0 0 0
137.86328125 138.9449005126953125 139.280853271484375 139.48382568359375 139.5863189697265625 139.9338836669921875 140.4113616943359375 140.959930419921875 141.2707672119140625 141.3164825439453125 141.13861083984375 140.5912322998046875 139.95745849609375 139.2484283447265625 138.3985137939453125 137.4756622314453125 136.3230133056640625 134.433349609375 131.92510986328125 129.0241241455078125 125.629180908203125 122.7430572509765625 120.110321044921875 117.72599029541015625 115.3478240966796875 112.649078369140625 109.289581298828125 104.73757171630859375 99.591827392578125 93.79181671142578125 87.82605743408203125 82.0385284423828125 76.54370880126953125 71.5369110107421875 66.42977142333984375 61.14731597900390625 57.36977386474609375 53.557308197021484375 49.641056060791015625 43.461788177490234375 30.474248886108398438 11.7062835693359375 3.5730075836181640625 0 0 0 0 0 0 0 0 0 0 0 0 0 0
136.10467529296875 137.3936614990234375 137.890533447265625 138.27142333984375 138.5664825439453125 139.1054534912109375 139.841583251953125 140.689910888671875 141.2191009521484375 141.4826507568359375 141.531494140625 141.2702178955078125 140.8600921630859375 140.320648193359375 139.5401153564453125 138.7554779052734375 137.777252197265625 136.08270263671875 133.9561309814453125 131.473724365234375 128.4016876220703125 125.8504486083984375 123.46369171142578125 121.09757232666015625 118.88854217529296875 116.4007415771484375 113.26445770263671875 109.45319366455078125 105.15879058837890625 100.23980712890625 95.0608673095703125 89.93474578857421875 84.93514251708984375 79.96303558349609375 75.0333251953125 70.1538238525390625 65.68377685546875 60.9276580810546875 55.849334716796875 51.0151824951171875 45.510101318359375 38.547542572021484375 12.005596160888671875 0.21467716991901397705 0 0 0 0 0 0 0 0 0 0 0 0 0
133.72088623046875 135.364349365234375 136.1797027587890625 136.82244873046875 137.32769775390625 138.0302276611328125 138.8741607666015625 139.808868408203125 140.613128662109375 141.167694091796875 141.5219573974609375 141.5945892333984375 141.4088287353515625 141.0436553955078125 140.4765472412109375 139.641387939453125 138.6347808837890625 137.4338226318359375 135.80072021484375 133.9134063720703125 131.7415008544921875 129.33447265625 126.861419677734375 124.39929962158203125 121.7133941650390625 118.89589691162109375 115.91735076904296875 112.550506591796875 109.03966522216796875 105.4010162353515625 101.49399566650390625 97.4226837158203125 93.16098785400390625 88.6319732666015625 84.064178466796875 79.475006103515625 74.36537933349609375 69.10262298583984375 63.698551177978515625 58.95496368408203125 54.50678253173828125 49.97043609619140625 37.097808837890625 19.535623550415039063 0 0 0 0 0 0 0 0 0 0 0 0 0
130.7748260498046875 132.833038330078125 134.0661163330078125 135.0654144287109375 135.8690032958984375 136.7796478271484375 137.764129638671875 138.801422119140625 139.82220458984375 140.6451263427734375 141.3037872314453125 141.703460693359375 141.7718505859375 141.6167755126953125 141.234375 140.5241851806640625 139.6569671630859375 138.7487945556640625 137.5224609375 136.111541748046875 134.49884033203125 132.3054656982421875 129.8540191650390625 127.19565582275390625 124.1987152099609375 121.19228363037109375 118.3311920166015625 115.52227783203125 112.81633758544921875 110.27204132080078125 107.491973876953125 104.40258026123046875 100.9038848876953125 96.81697845458984375 92.53807830810546875 88.07874298095703125 82.91384124755859375 77.5895843505859375 72.12502288818359375 67.39739990234375 63.14810943603515625 59.216167449951171875 52.475799560546875 38.086467742919921875 19.167022705078125 17.05036163330078125 9.6418619155883789063 0 0 0 0 0 0 0 0 0 0
127.3693389892578125 129.9089813232421875 131.644500732421875 133.0832977294921875 134.264678955078125 135.4288482666015625 136.5863189697265625 137.7425994873046875 138.9349365234375 140.000946044921875 140.9529571533203125 141.68023681640625 142.0232086181640625 142.103515625 141.9033966064453125 141.4263458251953125 140.795196533203125 140.049407958984375 139.129302978515625 138.0667877197265625 136.769866943359375 134.805816650390625 132.4422454833984375 129.5872344970703125 126.4189910888671875 123.3467864990234375 120.62412261962890625 118.4245452880859375 116.4999847412109375 114.88751983642578125 113.0527191162109375 110.824554443359375 108.06128692626953125 104.37474822998046875 100.3482818603515625 95.9904022216796875 91.20809173583984375 86.19962310791015625 80.96732330322265625 76.19873046875 71.56244659423828125 66.98897552490234375 61.0592803955078125 54.675689697265625 48.0692901611328125 42.98896026611328125 26.579227447509765625 5.3496823310852050781 4.4784221649169921875 2.3683075904846191406 0 0 0 0 0 0 0
123.6293182373046875 126.77336883544921875 129.088470458984375 131.0511627197265625 132.6999053955078125 134.18902587890625 135.5673065185546875 136.8681488037109375 138.2113800048828125 139.4734649658203125 140.6672515869140625 141.748748779296875 142.364654541015625 142.6816558837890625 142.7517547607421875 142.4362640380859375 141.9389495849609375 141.4043426513671875 140.5904541015625 139.650726318359375 138.642486572265625 136.743743896484375 134.4227294921875 131.71905517578125 128.4991455078125 125.48564910888671875 123.1469268798828125 121.41748046875 120.0822296142578125 119.2382049560546875 117.9461669921875 116.23021697998046875 113.976959228515625 110.48558807373046875 106.7841644287109375 102.94589996337890625 98.6960296630859375 94.33602142333984375 89.87380218505859375 85.03995513916015625 80.082244873046875 74.996673583984375 69.5783233642578125 64.1448822021484375 58.7440032958984375 53.853328704833984375 46.33856201171875 37.44777679443359375 31.348955154418945313 16.578151702880859375 0 0 0 0 0 0 0
120.0002899169921875 123.69948577880859375 126.60717010498046875 129.1162567138671875 131.2652740478515625 133.150299072265625 134.80316162109375 136.2867889404296875 137.791229248046875 139.182861328125 140.48870849609375 141.697845458984375 142.5400848388671875 143.13330078125 143.467132568359375 143.4585723876953125 143.235870361328125 142.783203125 142.0145111083984375 141.0372161865234375 139.7837677001953125 137.9770050048828125 135.8445587158203125 133.318603515625 130.5751190185546875 128.055023193359375 126.09911346435546875 124.836944580078125 123.86634063720703125 123.1832275390625 122.09534454345703125 120.62090301513671875 118.65579986572265625 115.66913604736328125 112.51265716552734375 109.24767303466796875 105.6540985107421875 101.92406463623046875 98.05968475341796875 93.57015228271484375 88.77863311767578125 83.6932220458984375 78.20953369140625 72.85678863525390625 67.6272735595703125 62.63524627685546875 57.295013427734375 51.644306182861328125 45.4169158935546875 34.552150726318359375 22.930652618408203125 21.294195175170898438 11.267970085144042969 0 0 0 0
116.11208343505859375 120.36370086669921875 123.86883544921875 126.95095062255859375 129.646575927734375 131.9880828857421875 134.0032958984375 135.7693939208984375 137.4571685791015625 138.972900390625 140.3573150634765625 141.590972900390625 142.5925140380859375 143.4211273193359375 144.0117340087890625 144.3358917236328125 144.416839599609375 144.032745361328125 143.29107666015625 142.25286865234375 140.720611572265625 138.995086669921875 137.0702972412109375 134.7975006103515625 132.650360107421875 130.71466064453125 129.1516876220703125 128.2452239990234375 127.4876708984375 126.78266143798828125 125.77191162109375 124.44532012939453125 122.71311187744140625 120.29627227783203125 117.7360687255859375 115.066131591796875 112.1233978271484375 108.99170684814453125 105.66713714599609375 101.67566680908203125 97.27532196044921875 92.46930694580078125 86.94297027587890625 81.4839324951171875 76.09722137451171875 70.93599700927734375 65.64286041259765625 60.31339263916015625 55.3677520751953125 51.085968017578125 47.45348358154296875 45.279651641845703125 29.57384490966796875 11.425302505493164063 9.6534147262573242188 4.7250828742980957031 0
111.59857940673828125 116.43244171142578125 120.53586578369140625 124.2308349609375 127.54671478271484375 130.4209442138671875 132.9442291259765625 135.174896240234375 137.0851287841796875 138.761566162109375 140.24774169921875 141.4525604248046875 142.506072998046875 143.4557647705078125 144.293182373046875 144.8993377685546875 145.2433319091796875 144.99298095703125 144.284210205078125 143.2517852783203125 141.7555389404296875 140.0694427490234375 138.2869110107421875 136.4069671630859375 134.72705078125 133.2533416748046875 132.1053619384765625 131.321990966796875 130.6208648681640625 129.94805908203125 128.9918060302734375 127.81153106689453125 126.3561553955078125 124.42263031005859375 122.40782928466796875 120.339996337890625 117.94722747802734375 115.3607025146484375 112.57823944091796875 109.112457275390625 105.22444915771484375 100.9152984619140625 95.8104248046875 90.47960662841796875 84.99132537841796875 79.72833251953125 74.860015869140625 70.28212738037109375 65.90290069580078125 61.87241363525390625 58.7676239013671875 59.549945831298828125 54.547222137451171875 46.883136749267578125 39.6122894287109375 19.389133453369140625 0
106.9491424560546875 112.21297454833984375 116.8728485107421875 121.14887237548828125 125.06940460205078125 128.587677001953125 131.6741943359375 134.3957672119140625 136.6756134033203125 138.5619964599609375 140.142059326171875 141.3386993408203125 142.37774658203125 143.328582763671875 144.2582855224609375 145.0460968017578125 145.601593017578125 145.5255279541015625 144.9982452392578125 144.1298675537109375 142.7373199462890625 141.2834320068359375 139.7831878662109375 138.2141571044921875 137.0119171142578125 135.938385009765625 134.9504241943359375 134.2771453857421875 133.6012420654296875 132.8226318359375 131.9864654541015625 131.0285186767578125 129.9027557373046875 128.430145263671875 126.8511810302734375 125.17446136474609375 123.12137603759765625 120.9053497314453125 118.52825927734375 115.38825225830078125 111.8876190185546875 108.025054931640625 103.4310760498046875 98.75055694580078125 94.0261383056640625 89.5767669677734375 85.35170745849609375 81.29282379150390625 77.35520172119140625 73.48178863525390625 70.093505859375 69.100982666015625 64.709259033203125 58.731761932373046875 52.895488739013671875 42.306262969970703125 32.301013946533203125
102.402557373046875 108.0136871337890625 113.13579559326171875 117.965118408203125 122.5162200927734375 126.6410064697265625 130.31781005859375 133.5974578857421875 136.2421875 138.3778228759765625 140.10272216796875 141.2381439208984375 142.2356719970703125 143.1615447998046875 144.0953369140625 144.9692535400390625 145.6690216064453125 145.8179931640625 145.5630035400390625 144.982635498046875 143.8730621337890625 142.7186737060546875 141.5317535400390625 140.29779052734375 139.358734130859375 138.49822998046875 137.6553192138671875 137.031829833984375 136.4026641845703125 135.695281982421875 135.039947509765625 134.3503265380859375 133.600555419921875 132.525421142578125 131.2769012451171875 129.844482421875 128.0128021240234375 126.0088653564453125 123.8349456787109375 120.9569549560546875 117.7728271484375 114.28607177734375 110.2859344482421875 106.36517333984375 102.53801727294921875 99.07209014892578125 95.62795257568359375 92.1972198486328125 88.75812530517578125 84.99344635009765625 81.17450714111328125 78.0506591796875 73.43285369873046875 68.25994873046875 63.728809356689453125 59.83254241943359375 56.39691925048828125
97.99425506591796875 103.86782073974609375 109.3509979248046875 114.70030975341796875 119.90293121337890625 124.5805206298828125 128.864227294921875 132.7623291015625 135.753662109375 138.1759796142578125 140.1027984619140625 141.13446044921875 142.0794677734375 142.972503662109375 143.837127685546875 144.7008514404296875 145.4691314697265625 145.882354736328125 145.974029541015625 145.793609619140625 145.1526947021484375 144.3522186279296875 143.499176025390625 142.6344451904296875 141.738616943359375 140.90679931640625 140.221466064453125 139.5926513671875 139.040740966796875 138.6041717529296875 138.181610107421875 137.7919769287109375 137.4479827880859375 136.7012786865234375 135.681182861328125 134.3599700927734375 132.639404296875 130.6931304931640625 128.52020263671875 125.854736328125 122.92464447021484375 119.74546051025390625 116.41278076171875 113.29283905029296875 110.3817901611328125 107.955780029296875 105.40518951416015625 102.74330902099609375 99.87351226806640625 96.19776153564453125 91.939453125 87.00868988037109375 82.47193145751953125 78.14931488037109375 73.93430328369140625 70.45522308349609375 67.5411834716796875
