imgs/North glacier/consensus_resized.tif
ncols        305
nrows        320
xllcorner    597500.000000000000
yllcorner    6751000.000000000000
cellsize     20.000000000000
NODATA_value  -9999
[rows 175 to 199 of 320, columns 114 to 170 of 305]
0 0 0 0 0 0 0 0 0 0 0 0 0 0 0 0 1.9493594169616699219 3.2969851493835449219 3.8430793285369873047 4.273998260498046875 12.351584434509277344 27.538854598999023438 31.115900039672851563 50.273815155029296875 80.41412353515625 82.51576995849609375 83.58113861083984375 83.99559783935546875 85.13382720947265625 87.54048919677734375 90.80501556396484375 94.62552642822265625 99.23526763916015625 104.3711395263671875 110.06575775146484375 116.04052734375 122.15256500244140625 128.32855224609375 134.5762939453125 140.8032073974609375 146.8992767333984375 152.52935791015625 157.5839385986328125 161.596893310546875 164.819427490234375 167.654815673828125 170.0753936767578125 172.187255859375 174.287994384765625 176.455902099609375 178.883148193359375 181.43768310546875 184.1290435791015625 186.5193328857421875 188.7227935791015625 190.726776123046875 192.25152587890625
0 0 0 0 0 0 0 0 0 0 0 0 0 0 0 0 0 0 0 0 3.4294564723968505859 10.045699119567871094 11.410372734069824219 19.047725677490234375 31.98180389404296875 46.10865020751953125 54.180103302001953125 58.7522735595703125 70.16318511962890625 75.88555145263671875 78.4817047119140625 82.90045928955078125 87.7942657470703125 93.02851104736328125 98.70607757568359375 104.99921417236328125 111.5550994873046875 118.11402130126953125 124.8788909912109375 131.690155029296875 138.428009033203125 144.753173828125 150.547607421875 155.370208740234375 159.2082061767578125 162.545257568359375 165.3289031982421875 167.6039886474609375 169.8171234130859375 172.0685577392578125 174.5915985107421875 177.2369384765625 180.0100555419921875 182.611297607421875 185.0727996826171875 187.3806304931640625 189.3451995849609375
0 0 0 0 0 0 0 0 0 0 0 0 0 0 0 0 0 0 0 0 0 0 0 0 1.0032758712768554688 16.311445236206054688 25.023031234741210938 30.6521759033203125 49.991664886474609375 59.00482177734375 62.60312652587890625 71.06612396240234375 77.07517242431640625 81.997039794921875 87.648345947265625 94.02977752685546875 100.79323577880859375 107.8085174560546875 115.0313568115234375 122.3106842041015625 129.5438079833984375 136.3995208740234375 142.8094635009765625 148.4236907958984375 152.8936920166015625 156.7869110107421875 160.0475616455078125 162.662750244140625 165.167327880859375 167.66741943359375 170.3543853759765625 173.13226318359375 176.007659912109375 178.8056640625 181.5243682861328125 184.1541290283203125 186.59234619140625
0 0 0 0 0 0 0 0 0 0 0 0 0 0 0 0 0 0 0 0 0 0 0 0 0 0 0 2.2446742057800292969 23.75054931640625 35.02356719970703125 41.805812835693359375 58.644252777099609375 66.97064208984375 71.291046142578125 77.08531951904296875 83.29494476318359375 89.9443359375 97.521728515625 105.1237945556640625 112.7216644287109375 120.2832489013671875 127.4667205810546875 134.3370819091796875 140.723846435546875 145.8258209228515625 150.3163909912109375 154.1678619384765625 157.319305419921875 160.31585693359375 163.249603271484375 166.1718902587890625 169.140777587890625 172.17730712890625 175.15802001953125 178.1317138671875 181.101593017578125 184.0002899169921875
0 0 0 0 0 0 0 0 0 0 0 0 0 0 0 0 0 0 0 0 0 0 0 0 0 0 0 0.65396022796630859375 6.9194512367248535156 10.203716278076171875 14.606881141662597656 36.46128082275390625 51.87017822265625 62.803920745849609375 68.3765106201171875 74.0091094970703125 80.1363983154296875 87.918853759765625 95.5167999267578125 103.0577392578125 110.62103271484375 117.99518585205078125 125.135162353515625 131.8511199951171875 137.5818634033203125 142.7955322265625 147.4244384765625 151.38623046875 155.128692626953125 158.6923980712890625 162.1012725830078125 165.4002685546875 168.569915771484375 171.8052978515625 175.0452117919921875 178.284942626953125 181.57318115234375
0 0 0 0 0 0 0 0 0 0 0 0 0 0 0 0 0 0 0 0 0 0 0 0 0 0 0 0 0 0 2.006893157958984375 16.020479202270507813 33.447429656982421875 50.735546112060546875 59.5926055908203125 66.22507476806640625 72.278564453125 79.62972259521484375 86.8880462646484375 94.16680145263671875 101.59697723388671875 108.9275054931640625 116.1032867431640625 122.982086181640625 129.166595458984375 135.00579833984375 140.470428466796875 145.29095458984375 149.8318634033203125 154.08770751953125 158.009124755859375 161.70245361328125 165.1293792724609375 168.561492919921875 171.9837188720703125 175.3935089111328125 178.854400634765625
0 0 0 0 0 0 0 0 0 0 0 0 0 0 0 0 0 0 0 0 0 0 0 0 0 0 0 0 0 0 0 0 15.328183174133300781 36.81687164306640625 50.9210662841796875 59.605377197265625 66.0148468017578125 72.537078857421875 79.23671722412109375 86.10001373291015625 93.252716064453125 100.33692169189453125 107.3410186767578125 114.2027587890625 120.69358062744140625 127.06896209716796875 133.3798980712890625 139.08837890625 144.463043212890625 149.4512939453125 153.913330078125 158.0498199462890625 161.8140411376953125 165.38848876953125 168.9110870361328125 172.387237548828125 175.8377227783203125
0 0 0 0 0 0 0 0 0 0 0 0 0 0 0 0 0 0 0 0 0 0 0 0 0 0 0 0 0 0 0 0 10.323090553283691406 26.147249221801757813 43.073516845703125 53.565235137939453125 60.914783477783203125 66.84108734130859375 73.05786895751953125 79.455810546875 86.07991790771484375 92.72217559814453125 99.333221435546875 105.8590850830078125 112.529754638671875 119.3351287841796875 126.341949462890625 132.915557861328125 139.11712646484375 144.82208251953125 149.874542236328125 154.4740142822265625 158.5423583984375 162.18927001953125 165.6955108642578125 169.067962646484375 172.3497314453125
0 0 0 0 0 0 0 0 0 0 0 0 0 0 0 0 0 0 0 0 0 0 0 0 0 0 0 0 0 0 0 0 4.3100366592407226563 14.135623931884765625 38.883678436279296875 50.58698272705078125 56.618602752685546875 62.227954864501953125 67.99089813232421875 73.84545135498046875 79.8077850341796875 85.86191558837890625 91.99100494384765625 98.2352294921875 104.95772552490234375 112.0132598876953125 119.5139923095703125 126.70003509521484375 133.549652099609375 139.928863525390625 145.5780487060546875 150.6564483642578125 155.0504150390625 158.706207275390625 162.0896453857421875 165.2075653076171875 168.1309356689453125
0 0 0 0 0 0 0 0 0 0 0 0 0 0 0 0 0 0 0 0 0 0 0 0 0 0 0 0 0 0 0.47801357507705688477 3.8158514499664306641 5.7279863357543945313 11.299946784973144531 36.57756805419921875 47.7757568359375 53.018077850341796875 58.38893890380859375 63.6785430908203125 68.93161773681640625 74.16207122802734375 79.61304473876953125 85.2670745849609375 91.25150299072265625 97.94879913330078125 105.124603271484375 112.92876434326171875 120.52619171142578125 127.84796905517578125 134.770172119140625 140.9447479248046875 146.4705352783203125 151.204925537109375 154.878631591796875 158.138885498046875 160.9911041259765625 163.5350494384765625
0 0 0 0 0 0 0 0 0 0 0 0 0 0 0 0 0 0 0 0 0 0 0 0 0 0 0 0 0 0 1.9615039825439453125 15.658148765563964844 23.504495620727539063 28.734441757202148438 35.592617034912109375 43.10494232177734375 50.30035400390625 55.396320343017578125 60.150604248046875 64.7363739013671875 69.1836700439453125 74.105377197265625 79.36310577392578125 85.0944976806640625 91.696990966796875 98.84970855712890625 106.70249176025390625 114.47084808349609375 122.02393341064453125 129.2436676025390625 135.788970947265625 141.6844024658203125 146.7747955322265625 150.531341552734375 153.744537353515625 156.41644287109375 158.6736907958984375
0 0 0 0 0 0 0 0 0 0 0 0 0 0 0 0 0 0 0 0 0 0 0 4.3589410781860351563 11.898591995239257813 13.13765716552734375 13.84172821044921875 14.300518989562988281 15.911652565002441406 17.7385101318359375 20.237323760986328125 25.978092193603515625 29.764574050903320313 32.7541656494140625 36.634246826171875 42.25017547607421875 48.17687225341796875 52.594207763671875 56.800708770751953125 60.8787841796875 64.80181121826171875 69.3389129638671875 74.31649017333984375 79.92014312744140625 86.2427978515625 93.09095001220703125 100.65708160400390625 108.2963409423828125 115.79277801513671875 123.0323333740234375 129.720184326171875 135.845489501953125 141.26873779296875 145.215606689453125 148.5366363525390625 151.2291412353515625 153.34686279296875
0 0 0 0 0 0 0 0 0 0 0 0 0 0 0 0 0 0 0 3.6686556339263916016 5.8131036758422851563 6.4200754165649414063 6.5398430824279785156 11.569902420043945313 20.1743011474609375 21.557275772094726563 22.6010589599609375 23.524190902709960938 25.476959228515625 28.260488510131835938 31.165235519409179688 31.797956466674804688 32.73138427734375 34.159038543701171875 37.119449615478515625 41.193340301513671875 45.5813140869140625 49.405818939208984375 53.194362640380859375 56.911224365234375 60.459896087646484375 64.7391204833984375 69.50885772705078125 74.94464874267578125 80.9483489990234375 87.41883087158203125 94.55799102783203125 101.9154510498046875 109.1883087158203125 116.2605743408203125 122.89765167236328125 129.105438232421875 134.779815673828125 138.971160888671875 142.531707763671875 145.45831298828125 147.7078704833984375
0 0 0 0 0 0 0 0 0 0 0 0 0 0 0 0 0 0 0 11.037325859069824219 17.443925857543945313 19.183910369873046875 19.557796478271484375 20.89447784423828125 22.902368545532226563 23.071695327758789063 23.939075469970703125 25.2414398193359375 26.026426315307617188 28.539585113525390625 31.71054840087890625 32.581691741943359375 33.25861358642578125 34.174312591552734375 36.607212066650390625 39.361347198486328125 42.3595428466796875 45.736530303955078125 49.251068115234375 52.75125885009765625 56.073162078857421875 60.212955474853515625 64.8350067138671875 70.0455169677734375 75.71363067626953125 81.763916015625 88.36490631103515625 95.31082916259765625 102.2111663818359375 108.94049835205078125 115.34194183349609375 121.48122406005859375 127.30500030517578125 131.7867279052734375 135.71392822265625 139.08709716796875 141.7613067626953125
0 0 0 0 0 0 0 0 0 0 0 0 0 0 0 0 0 0 0 13.137505531311035156 19.960384368896484375 20.49770355224609375 21.184207916259765625 22.155443191528320313 23.204519271850585938 21.989488601684570313 22.130392074584960938 23.20928192138671875 24.0817718505859375 25.405796051025390625 26.955457687377929688 28.225957870483398438 29.729631423950195313 31.4578399658203125 33.661617279052734375 35.98486328125 38.490966796875 41.462841033935546875 44.712383270263671875 48.06090545654296875 51.4140472412109375 55.371723175048828125 59.764781951904296875 64.77826690673828125 70.1728057861328125 75.8573150634765625 81.9449005126953125 88.4916229248046875 94.99475860595703125 101.2985382080078125 107.4424591064453125 113.39715576171875 119.11154937744140625 123.87982940673828125 128.2080841064453125 132.086639404296875 135.4254608154296875
0 0 0 0 0 0 0 0 0 0 0 0 0 0 0 0 0 0 0 14.094513893127441406 20.949537277221679688 20.627592086791992188 21.1208648681640625 21.755849838256835938 22.40726470947265625 21.61365509033203125 21.534332275390625 21.97601318359375 22.539670944213867188 23.884738922119140625 25.567102432250976563 26.448099136352539063 27.752580642700195313 29.334537506103515625 31.19452667236328125 33.195407867431640625 35.453014373779296875 38.404766082763671875 40.70305633544921875 43.141082763671875 46.63094329833984375 50.37680816650390625 54.516357421875 59.410488128662109375 64.59607696533203125 69.99575042724609375 75.6886444091796875 81.78769683837890625 87.8714141845703125 93.81731414794921875 99.6436614990234375 105.36437225341796875 110.95594024658203125 115.95467376708984375 120.68115997314453125 125.129974365234375 129.1972198486328125
0 0 0 0 0 0 0 0 0 0 0 0 0 0 0 0 0 0 0 12.200654029846191406 17.910327911376953125 17.232770919799804688 18.834913253784179688 20.03037261962890625 20.860565185546875 21.301534652709960938 21.213565826416015625 20.809518814086914063 20.9135284423828125 22.787321090698242188 25.2930145263671875 25.193721771240234375 25.803052902221679688 26.850101470947265625 28.242832183837890625 30.090063095092773438 32.382450103759765625 35.5628662109375 36.788906097412109375 38.099033355712890625 41.6031341552734375 45.0146026611328125 48.90019989013671875 53.96157073974609375 58.985797882080078125 64.1279296875 69.51799774169921875 75.1848907470703125 80.8590850830078125 86.46881103515625 91.949188232421875 97.3876495361328125 102.7883758544921875 107.940765380859375 113.00615692138671875 117.987701416015625 122.75970458984375
0 0 0 0 0 0 0 0 0 0 0 0 0 0 0 0 0 0 0 2.1267194747924804688 3.1219837665557861328 3.2279689311981201172 11.899097442626953125 16.942779541015625 18.8917999267578125 19.699316024780273438 19.298099517822265625 18.164220809936523438 18.10243988037109375 19.783948898315429688 21.899068832397460938 20.318452835083007813 20.598852157592773438 21.732883453369140625 22.4450531005859375 24.534297943115234375 27.393035888671875 30.898876190185546875 32.085205078125 33.096675872802734375 35.92913818359375 38.61240386962890625 42.295440673828125 48.42688751220703125 53.327816009521484375 58.139286041259765625 63.3130035400390625 68.71057891845703125 74.06023406982421875 79.2685394287109375 84.4267425537109375 89.50952911376953125 94.49433135986328125 99.63471221923828125 104.82343292236328125 110.05704498291015625 115.30736541748046875
0 0 0 0 0 0 0 0 0 0 0 0 0 0 0 0 0 0 0 0 0 0.12085753679275512695 4.646778106689453125 7.2545657157897949219 8.2276706695556640625 8.62172698974609375 8.4136114120483398438 7.8400692939758300781 7.7969708442687988281 8.527690887451171875 9.4328632354736328125 8.5897350311279296875 8.68367767333984375 9.1968526840209960938 9.4500112533569335938 10.40312957763671875 11.729403495788574219 13.321191787719726563 20.093145370483398438 27.173616409301757813 29.953977584838867188 33.66490936279296875 37.91161346435546875 42.797443389892578125 47.64235687255859375 52.4820709228515625 57.32959747314453125 62.3903961181640625 67.3676300048828125 72.1473388671875 76.85636138916015625 81.5359649658203125 86.185791015625 91.12854766845703125 96.252655029296875 101.57012176513671875 107.02349090576171875
0 0 0 0 0 0 0 0 0 0 0 0 0 0 0 0 0 0 0 0 0 0 0 0 0 0 0 0 0 0 0 0 0 0 0 0 0 0 8.3591976165771484375 17.2679595947265625 19.38494873046875 26.648305892944335938 33.878925323486328125 37.605224609375 42.244350433349609375 46.99594879150390625 51.569599151611328125 56.262653350830078125 60.850246429443359375 65.23000335693359375 69.52379608154296875 73.819610595703125 78.1324920654296875 82.80399322509765625 87.728302001953125 92.926422119140625 98.32813262939453125
0 0 0 0 0 0 0 0 0 0 0 0 0 0 0 0 0 0 0 0 0 0 0 0 0 0 0 0 0 0 0 0 0 0 0 0 0 0 0.43995773792266845703 0.90883994102478027344 1.0202604532241821289 15.385382652282714844 29.426174163818359375 33.212024688720703125 37.35556793212890625 41.652149200439453125 46.0930633544921875 50.396068572998046875 54.586399078369140625 58.62824249267578125 62.62415313720703125 66.59166717529296875 70.52678680419921875 74.8856353759765625 79.46350860595703125 84.26904296875 89.3063812255859375
0 0 0 0 0 0 0 0 0 0 0 0 0 0 0 0 0 0 0 0 0 0 0 0 0 0 0 0 0 0 0 0 0 0 0 0 0 0 0 0 0 4.9583249092102050781 13.729311943054199219 28.155874252319335938 34.0255584716796875 37.83580780029296875 41.341487884521484375 45.20384979248046875 49.064357757568359375 52.8230438232421875 56.457660675048828125 60.151142120361328125 63.948028564453125 67.8265380859375 71.88263702392578125 76.14542388916015625 80.48503875732421875
0 0 0 0 0 0 0 0 0 0 0 0 0 0 0 0 0 0 0 0 0 0 0 0 0 0 0 0 0 0 0 0 0 0 0 0 0 0 0 0 0 0 5.53867340087890625 24.09040069580078125 30.598388671875 34.137157440185546875 37.10858154296875 40.55094146728515625 44.0667724609375 47.573993682861328125 50.89166259765625 54.259033203125 57.7276458740234375 61.119274139404296875 64.6129608154296875 68.23584747314453125 71.92049407958984375
0 0 0 0 0 0 0 0 0 0 0 0 0 0 0 0 0 0 0 0 0 0 0 0 0 0 0 0 0 0 0 0 0 0 0 0 0 0 0 0 0 0 4.8511538505554199219 21.100042343139648438 27.155023574829101563 30.613847732543945313 33.429500579833984375 36.492397308349609375 39.663906097412109375 42.947055816650390625 45.985897064208984375 48.981616973876953125 51.95673370361328125 54.86632537841796875 57.783756256103515625 60.716068267822265625 63.80748748779296875
0 0 0 0 0 0 0 0 0 0 0 0 0 0 0 0 0 0 0 0 0 0 0 0 0 0 0 0 0 0 0 0 0 0 0 0 0 0 0 0 0 0 4.4389901161193847656 19.307340621948242188 25.12091827392578125 28.439380645751953125 30.81523895263671875 33.669040679931640625 36.65444183349609375 39.7256622314453125 42.432861328125 45.10207366943359375 47.777576446533203125 50.22136688232421875 52.687671661376953125 55.20055389404296875 57.740703582763671875
