imgs/North glacier/consensus_resized.tif
ncols        305
nrows        320
xllcorner    597500.000000000000
yllcorner    6751000.000000000000
cellsize     20.000000000000
NODATA_value  -9999
[rows 75 to 99 of 320, columns 0 to 56 of 305]
0 0 0 0 0 0 0 0 0 0 0 0 0 0 8.2234830856323242188 27.151256561279296875 37.73673248291015625 46.936481475830078125 55.042987823486328125 64.42095184326171875 73.34818267822265625 81.8016510009765625 89.16481781005859375 95.90785980224609375 102.05471038818359375 107.0021209716796875 110.97565460205078125 114.2558441162109375 117.40520477294921875 119.8114013671875 121.59482574462890625 122.32089996337890625 122.627532958984375 122.63592529296875 122.25586700439453125 121.3827056884765625 120.180633544921875 118.5536956787109375 116.7301788330078125 114.68024444580078125 112.187774658203125 109.0136871337890625 105.32883453369140625 100.90248870849609375 95.7763824462890625 90.32122802734375 84.52333831787109375 77.938323974609375 71.0823516845703125 63.99155426025390625 57.45751953125 51.953235626220703125 47.786571502685546875 37.397853851318359375 21.779657363891601563 0.46563553810119628906 0
0 0 0 0 0 0 0 0 0 0 0 0 0 0 7.4811768531799316406 24.700403213500976563 31.928419113159179688 40.19301605224609375 50.148670196533203125 59.610137939453125 68.6399383544921875 77.2333221435546875 84.9461669921875 92.11627197265625 98.75799560546875 104.2632904052734375 108.82196807861328125 112.70410919189453125 116.43785858154296875 119.31792449951171875 121.490447998046875 122.4934539794921875 123.0139923095703125 123.2159881591796875 123.077789306640625 122.48699188232421875 121.60272979736328125 120.357391357421875 118.8745269775390625 117.136566162109375 114.915283203125 111.999725341796875 108.64516448974609375 104.72186279296875 100.22900390625 95.399627685546875 90.15924072265625 84.10877227783203125 77.6105194091796875 70.59625244140625 63.86539459228515625 58.475341796875 54.894359588623046875 43.385669708251953125 28.175218582153320313 9.2014789581298828125 2.9818058013916015625
0 0 0 0 0 0 0 0 0 0 0 0 0 0 6.4323792457580566406 21.237615585327148438 28.106916427612304688 35.647670745849609375 44.362575531005859375 54.6287994384765625 64.06507110595703125 72.67998504638671875 80.68280792236328125 88.278289794921875 95.45465087890625 101.4798736572265625 106.6117095947265625 111.0875091552734375 115.28002166748046875 118.65407562255859375 121.32845306396484375 122.75885772705078125 123.5600433349609375 123.99469757080078125 124.198455810546875 123.90357208251953125 123.33647918701171875 122.5468597412109375 121.277435302734375 119.67690277099609375 117.61211395263671875 114.7745361328125 111.61827850341796875 108.21923065185546875 104.3603363037109375 100.1271820068359375 95.36505126953125 89.8835296630859375 83.9106903076171875 77.32749176025390625 70.207183837890625 64.86102294921875 62.04784393310546875 50.176727294921875 39.321865081787109375 30.356542587280273438 10.234847068786621094
0 0 0 0 0 0 0 0 0 0 0 0 0 0 1.9563149213790893555 6.4591131210327148438 20.016229629516601563 32.3996124267578125 42.9897003173828125 51.2936248779296875 59.481388092041015625 67.584686279296875 76.0009765625 84.0291748046875 91.65921783447265625 98.20786285400390625 103.92700958251953125 109.01189422607421875 113.6288909912109375 117.4987030029296875 120.7147369384765625 122.7086639404296875 124.10564422607421875 125.08261871337890625 125.526092529296875 125.5184326171875 125.23199462890625 124.63271331787109375 123.521514892578125 122.0482025146484375 120.0550079345703125 117.43753814697265625 114.54157257080078125 111.401092529296875 107.92020416259765625 104.1285247802734375 99.8804168701171875 94.93801116943359375 89.469940185546875 83.32916259765625 76.48293304443359375 70.13170623779296875 64.572052001953125 55.8835601806640625 47.487819671630859375 39.67601776123046875 30.7625732421875
0 0 0 0 0 0 0 0 0 0 0 0 0 0 0 0 15.519723892211914063 28.993686676025390625 39.356098175048828125 46.06561279296875 53.73786163330078125 62.355930328369140625 71.071075439453125 79.50264739990234375 87.62934112548828125 94.781646728515625 101.096160888671875 106.75240325927734375 111.7919158935546875 116.0997161865234375 119.7813262939453125 122.3469390869140625 124.283355712890625 125.7476654052734375 126.52173614501953125 126.80490875244140625 126.77593231201171875 126.3763885498046875 125.43219757080078125 124.1330413818359375 122.36498260498046875 119.954833984375 117.283050537109375 114.4167633056640625 111.2570953369140625 107.83200836181640625 104.0182647705078125 99.46067047119140625 94.400543212890625 88.71820068359375 82.3220367431640625 75.72515869140625 68.9600067138671875 61.970783233642578125 54.995174407958984375 48.052738189697265625 43.853305816650390625
0 0 0 0 0 0 0 0 0 0 0 0 0 0 0 0 12.628063201904296875 24.295940399169921875 34.21588897705078125 40.012500762939453125 47.739162445068359375 57.31011962890625 66.17156219482421875 74.9422454833984375 83.57312774658203125 91.334381103515625 98.2169342041015625 104.39508819580078125 109.812255859375 114.48632049560546875 118.55237579345703125 121.64577484130859375 124.0696868896484375 125.98838043212890625 127.1601104736328125 127.75286102294921875 127.9772796630859375 127.76404571533203125 127.013092041015625 125.94872283935546875 124.5243682861328125 122.3600006103515625 119.92429351806640625 117.33376312255859375 114.43717193603515625 111.2903594970703125 107.7893524169921875 103.49050140380859375 98.760772705078125 93.53928375244140625 87.72447967529296875 81.5119171142578125 74.84046173095703125 68.29654693603515625 61.83449554443359375 55.4593505859375 50.594875335693359375
0 0 0 0 0 0 0 0 0 0 0 0 0 0 0 0 2.7452311515808105469 12.727719306945800781 30.616241455078125 37.729488372802734375 45.481964111328125 53.92476654052734375 62.55429840087890625 71.41678619384765625 80.3977508544921875 88.43597412109375 95.68890380859375 102.26787567138671875 107.80422210693359375 112.681396484375 116.9979248046875 120.32903289794921875 123.2041473388671875 125.64684295654296875 127.19659423828125 128.19317626953125 128.7500457763671875 128.5875701904296875 128.1426239013671875 127.459075927734375 126.38089752197265625 124.755340576171875 122.7928314208984375 120.40296173095703125 117.6693572998046875 114.60900115966796875 111.06292724609375 106.973541259765625 102.55237579345703125 97.73406982421875 92.51494598388671875 86.9249725341796875 80.88390350341796875 74.25708770751953125 67.5483856201171875 60.787746429443359375 54.09069061279296875
0 0 0 0 0 0 0 0 0 0 0 0 0 0 0 0 0 8.1410722732543945313 25.3416595458984375 32.669277191162109375 41.0505828857421875 50.486042022705078125 59.350315093994140625 68.259979248046875 77.16449737548828125 85.51239776611328125 93.14299774169921875 100.1240386962890625 105.87601470947265625 110.98470306396484375 115.553375244140625 119.20146942138671875 122.36968231201171875 125.11017608642578125 127.02984619140625 128.398101806640625 129.3161468505859375 129.47637939453125 129.3569183349609375 129.028350830078125 128.3844146728515625 127.2576904296875 125.74478912353515625 123.6506500244140625 121.08213043212890625 118.1135711669921875 114.572479248046875 110.6424713134765625 106.499725341796875 102.1128692626953125 97.424163818359375 92.3773193359375 86.8818206787109375 80.5916290283203125 74.02655029296875 67.1977386474609375 60.366504669189453125
0 0 0 0 0 0 0 0 0 0 0 0 0 0 0 0 0 5.37357330322265625 16.726945877075195313 26.224170684814453125 36.581634521484375 47.68996429443359375 56.293666839599609375 65.00072479248046875 73.78318023681640625 82.4490203857421875 90.4705047607421875 97.87984466552734375 103.951324462890625 109.33429718017578125 114.15704345703125 118.09658050537109375 121.49230194091796875 124.451019287109375 126.6871185302734375 128.416229248046875 129.722930908203125 130.30377197265625 130.557952880859375 130.6103668212890625 130.41241455078125 129.7632598876953125 128.6830596923828125 126.89870452880859375 124.5221405029296875 121.68561553955078125 118.21018218994140625 114.45850372314453125 110.58536529541015625 106.587005615234375 102.36988067626953125 97.790771484375 92.74501800537109375 86.91823577880859375 80.69165802001953125 74.052947998046875 67.54524993896484375
0 0 0 0 0 0 0 0 0 0 0 0 0 0 0 0 0 0.5852406620979309082 1.8217465877532958984 19.040004730224609375 33.97621917724609375 46.441310882568359375 53.2099151611328125 61.17156982421875 70.10832977294921875 79.08200836181640625 87.51871490478515625 95.416351318359375 101.9631805419921875 107.6947784423828125 112.774566650390625 116.87485504150390625 120.48687744140625 123.68115234375 126.116180419921875 128.2098236083984375 129.9434814453125 130.9293060302734375 131.6519622802734375 132.1692047119140625 132.365631103515625 132.1802520751953125 131.5145263671875 129.9874420166015625 127.863616943359375 125.24825286865234375 121.93515777587890625 118.450927734375 114.85393524169921875 111.11846160888671875 107.2941741943359375 103.0782012939453125 98.33470916748046875 92.89066314697265625 87.10707855224609375 80.97632598876953125 74.335968017578125
0 0 0 0 0 0 0 0 0 0 0 0 0 0 0 0 0 0 0 6.952617645263671875 21.200151443481445313 41.868839263916015625 47.821277618408203125 56.177600860595703125 66.38715362548828125 75.19809722900390625 83.8741912841796875 92.2884674072265625 99.3322906494140625 105.49697113037109375 110.9545440673828125 115.33165740966796875 119.05523681640625 122.3148193359375 124.97217559814453125 127.24684906005859375 129.2299652099609375 130.75872802734375 131.9893798828125 133.00946044921875 133.7275848388671875 133.7938232421875 133.417236328125 132.4364013671875 130.8023834228515625 128.6541900634765625 125.78816986083984375 122.53113555908203125 119.12288665771484375 115.57100677490234375 111.76067352294921875 107.64837646484375 103.158416748046875 98.098358154296875 92.7421417236328125 87.0799713134765625 80.83950042724609375
0 0 0 0 0 0 0 0 0 0 0 0 0 0 0 0 0 0 0 0 13.26663970947265625 38.5216217041015625 43.83998870849609375 52.216648101806640625 62.8888092041015625 70.959869384765625 79.597503662109375 88.4659423828125 96.00286102294921875 102.6480560302734375 108.55849456787109375 113.272186279296875 117.15731048583984375 120.51737213134765625 123.3889007568359375 125.901824951171875 128.19622802734375 130.2525482177734375 131.994659423828125 133.52471923828125 134.7640533447265625 135.165740966796875 135.1400299072265625 134.662933349609375 133.502838134765625 131.8258056640625 129.4378814697265625 126.43703460693359375 123.20416259765625 119.7542724609375 115.913909912109375 111.8609771728515625 107.57402801513671875 102.87943267822265625 97.93262481689453125 92.719329833984375 86.935943603515625
0 0 0 0 0 0 0 0 0 0 0 0 0 0 0 0 0 0 0 0 12.527522087097167969 36.3832550048828125 41.651424407958984375 49.619678497314453125 59.55216217041015625 66.3641357421875 74.68007659912109375 83.895355224609375 91.91445159912109375 99.08428955078125 105.52053070068359375 110.6223602294921875 114.75061798095703125 118.2888031005859375 121.36985015869140625 124.22437286376953125 126.93560791015625 129.478424072265625 131.7303009033203125 133.771881103515625 135.5055694580078125 136.373138427734375 136.7880401611328125 136.7115478515625 135.9645538330078125 134.720062255859375 132.796966552734375 130.094635009765625 127.0388031005859375 123.61206817626953125 119.75174713134765625 115.74730682373046875 111.6100006103515625 107.254669189453125 102.69476318359375 97.91011810302734375 92.560150146484375
0 0 0 0 0 0 0 0 0 0 0 0 0 0 0 0 0 0 0 0 3.5077061653137207031 10.795710563659667969 31.5521087646484375 45.154232025146484375 52.95794677734375 61.186656951904296875 69.74774169921875 78.4998016357421875 86.923980712890625 94.66220855712890625 101.719970703125 107.1939544677734375 111.69345855712890625 115.621002197265625 119.17218017578125 122.49715423583984375 125.68475341796875 128.7237701416015625 131.5066986083984375 134.039825439453125 136.1220855712890625 137.30657958984375 138.020751953125 138.22296142578125 137.8184661865234375 136.9373626708984375 135.3913726806640625 133.01611328125 130.22723388671875 126.982818603515625 123.090789794921875 119.1036834716796875 115.08411407470703125 110.9563140869140625 106.67736053466796875 102.22834014892578125 97.21276092529296875
0 0 0 0 0 0 0 0 0 0 0 0 0 0 0 0 0 0 0 0 0 0.69076424837112426758 22.582368850708007813 38.443294525146484375 49.14029693603515625 56.548343658447265625 64.19513702392578125 72.111907958984375 80.87609100341796875 89.0294342041015625 96.55135345458984375 102.5163421630859375 107.64281463623046875 112.273895263671875 116.567108154296875 120.4618377685546875 124.134033203125 127.6112518310546875 130.78424072265625 133.658721923828125 135.99273681640625 137.4196319580078125 138.4041595458984375 138.946929931640625 138.904449462890625 138.3966522216796875 137.236785888671875 135.2464447021484375 132.7863616943359375 129.779876708984375 126.03655242919921875 122.15789031982421875 118.20475006103515625 114.1976165771484375 110.07586669921875 105.8230133056640625 101.209716796875
0 0 0 0 0 0 0 0 0 0 0 0 0 0 0 0 0 0 0 0 0 0.42149853706359863281 13.779571533203125 29.298070907592773438 45.739963531494140625 51.12384033203125 57.667102813720703125 65.1858062744140625 74.08350372314453125 82.4949798583984375 90.385467529296875 96.93085479736328125 102.85796356201171875 108.3966064453125 113.585205078125 118.113067626953125 122.27210235595703125 126.1084136962890625 129.561279296875 132.67413330078125 135.206390380859375 136.8585968017578125 138.11767578125 139.0308990478515625 139.37322998046875 139.255218505859375 138.488739013671875 136.91082763671875 134.816375732421875 132.0945281982421875 128.6296844482421875 124.938262939453125 121.04730224609375 117.10187530517578125 113.06768035888671875 108.93292236328125 104.751922607421875
0 0 0 0 0 0 0 0 0 0 0 0 0 0 0 0 0 0 0 0 0 0.079742968082427978516 2.6069459915161132813 15.835832595825195313 36.544353485107421875 40.84998321533203125 48.645374298095703125 58.660289764404296875 66.98268890380859375 75.39703369140625 83.67559051513671875 90.86038970947265625 97.6351470947265625 104.0989227294921875 110.098419189453125 115.2602081298828125 119.89324188232421875 123.9073638916015625 127.552337646484375 130.8717041015625 133.6369171142578125 135.644866943359375 137.2753753662109375 138.5183258056640625 139.290069580078125 139.6055450439453125 139.23907470703125 138.0335235595703125 136.293853759765625 133.9054412841796875 130.7832489013671875 127.36850738525390625 123.6616668701171875 119.81676483154296875 115.9092254638671875 111.938323974609375 108.1329498291015625
0 0 0 0 0 0 0 0 0 0 0 0 0 0 0 0 0 0 0 0 0 0 0 10.418935775756835938 28.477491378784179688 35.2892913818359375 42.7333526611328125 50.756130218505859375 59.912220001220703125 68.60138702392578125 76.94379425048828125 84.87810516357421875 92.41998291015625 99.64505767822265625 106.3423919677734375 112.00447845458984375 116.99922943115234375 121.1814422607421875 124.96844482421875 128.4835968017578125 131.6188201904296875 134.0958099365234375 136.1901702880859375 137.8224945068359375 138.9652862548828125 139.6690826416015625 139.7317657470703125 138.933380126953125 137.6006927490234375 135.6247406005859375 132.90997314453125 129.863739013671875 126.47240447998046875 122.9055633544921875 119.2227935791015625 115.41664886474609375 111.88291168212890625
0 0 0 0 0 0 0 0 0 0 0 0 0 0 0 0 0 0 0 0 0 0 0 6.4209752082824707031 17.992368698120117188 28.473516464233398438 36.97718048095703125 44.311580657958984375 53.325931549072265625 61.917224884033203125 70.2954559326171875 78.8857879638671875 87.109771728515625 95.01755523681640625 102.3436737060546875 108.46912384033203125 113.81278228759765625 118.18717193603515625 122.16765594482421875 125.9124298095703125 129.376495361328125 132.3173065185546875 134.8766021728515625 136.8910064697265625 138.4236297607421875 139.5190582275390625 139.9735870361328125 139.6174468994140625 138.7341156005859375 137.2059173583984375 134.9219818115234375 132.2982940673828125 129.32061767578125 126.12172698974609375 122.74407958984375 119.172393798828125 115.88824462890625
0 0 0 0 0 0 0 0 0 0 0 0 0 0 0 0 0 0 0 0 0 0 0 0.4633693695068359375 2.2509238719940185547 16.53897857666015625 29.71634674072265625 41.443561553955078125 47.643573760986328125 55.2701416015625 63.81867218017578125 72.82329559326171875 81.61423492431640625 90.1500396728515625 98.0389862060546875 104.63494110107421875 110.3681488037109375 114.9861907958984375 119.2871246337890625 123.3321380615234375 126.9672698974609375 130.2963714599609375 133.2690887451171875 135.61712646484375 137.6091766357421875 139.1286468505859375 139.8871917724609375 140.01995849609375 139.6363525390625 138.5772857666015625 136.731231689453125 134.579742431640625 132.12640380859375 129.36370849609375 126.38726806640625 123.18221282958984375 120.1659088134765625
0 0 0 0 0 0 0 0 0 0 0 0 0 0 0 0 0 0 0 0 0 0 0 0 0.36091023683547973633 5.4881491661071777344 17.8468017578125 33.930759429931640625 39.380397796630859375 47.809604644775390625 57.814716339111328125 66.759857177734375 75.7825164794921875 84.68912506103515625 92.922760009765625 99.86363983154296875 105.9869537353515625 111.14974212646484375 115.78801727294921875 120.13720703125 124.18151092529296875 127.93216705322265625 131.32928466796875 134.100494384765625 136.44403076171875 138.3147125244140625 139.45355224609375 139.913360595703125 139.901123046875 139.299285888671875 138.012969970703125 136.382843017578125 134.3822784423828125 131.9812469482421875 129.3742523193359375 126.55478668212890625 123.8909759521484375
0 0 0 0 0 0 0 0 0 0 0 0 0 0 0 0 0 0 0 0 0 0 0 0 0 0 11.079495429992675781 28.454975128173828125 34.33531951904296875 42.38344573974609375 51.693431854248046875 60.8957672119140625 70.03716278076171875 79.0052642822265625 87.35149383544921875 94.6021270751953125 101.15122222900390625 106.85657501220703125 111.931610107421875 116.705902099609375 121.2435150146484375 125.4728851318359375 129.3265533447265625 132.51263427734375 135.185791015625 137.3713226318359375 138.8318939208984375 139.5940704345703125 139.9342041015625 139.7709503173828125 139.0066375732421875 137.8570556640625 136.266998291015625 134.213134765625 131.9857940673828125 129.589111328125 127.27535247802734375
0 0 0 0 0 0 0 0 0 0 0 0 0 0 0 0 0 0 0 0 0 0 0 0 0 0 9.3608522415161132813 24.361118316650390625 32.259521484375 38.993408203125 45.58448028564453125 55.312160491943359375 64.42919921875 73.13629913330078125 81.38335418701171875 88.90892791748046875 95.908447265625 102.132537841796875 107.75325775146484375 113.0851287841796875 118.1877593994140625 122.9470367431640625 127.2848052978515625 130.8720703125 133.859375 136.3284454345703125 138.0497894287109375 139.108642578125 139.7929534912109375 140.041717529296875 139.738189697265625 139.0164337158203125 137.80120849609375 136.093353271484375 134.256744384765625 132.305816650390625 130.3288116455078125
0 0 0 0 0 0 0 0 0 0 0 0 0 0 0 0 0 0 0 0 0 0 0 0 0 0 2.3982348442077636719 7.8549938201904296875 24.652612686157226563 34.810577392578125 41.485736846923828125 50.689472198486328125 59.090106964111328125 67.12249755859375 75.293365478515625 82.97259521484375 90.29224395751953125 97.07965087890625 103.37567138671875 109.4058380126953125 115.1642608642578125 120.41571807861328125 125.19435882568359375 129.2081298828125 132.4774627685546875 135.2173004150390625 137.247589111328125 138.666015625 139.694488525390625 140.2491912841796875 140.2497406005859375 139.86431884765625 139.030303955078125 137.75140380859375 136.2845916748046875 134.6300048828125 132.94580078125
0 0 0 0 0 0 0 0 0 0 0 0 0 0 0 0 0 0 0 0 0 0 0 0 0 0 0 1.9164636135101318359 19.462276458740234375 31.111036300659179688 39.136196136474609375 46.355579376220703125 53.719867706298828125 61.28034210205078125 69.3802642822265625 77.27565765380859375 84.9960479736328125 92.4078521728515625 99.41449737548828125 106.12918853759765625 112.41761016845703125 117.9788665771484375 123.01380157470703125 127.3004150390625 130.861480712890625 133.9361419677734375 136.3762054443359375 138.1502532958984375 139.49755859375 140.3254852294921875 140.6042938232421875 140.51519775390625 140.0016326904296875 139.067108154296875 137.93505859375 136.60205078125 135.182037353515625
