imgs/North glacier/glate_unconstrained_corrected_resized.tif
ncols        305
nrows        320
xllcorner    597500.000000000000
yllcorner    6751000.000000000000
cellsize     20.000000000000
NODATA_value  -9999
[rows 44 to 65 of 320, columns 0 to 48 of 305]
-nan(ind) -nan(ind) -nan(ind) -nan(ind) -nan(ind) -nan(ind) -nan(ind) 40.6594696044921875 44.21094512939453125 46.4072265625 52.191204071044921875 58.73677825927734375 65.67151641845703125 68.8680572509765625 72.33689117431640625 76.6118927001953125 75.23089599609375 74.40396881103515625 74.49793243408203125 73.03265380859375 68.9032440185546875 62.42962646484375 61.565277099609375 60.30690765380859375 58.74170684814453125 57.365062713623046875 56.329845428466796875 55.31589508056640625 52.53891754150390625 49.9903717041015625 -nan(ind) -nan(ind) -nan(ind) -nan(ind) -nan(ind) -nan(ind) -nan(ind) -nan(ind) -nan(ind) -nan(ind) -nan(ind) -nan(ind) -nan(ind) -nan(ind) -nan(ind) -nan(ind) -nan(ind) -nan(ind) -nan(ind)
-nan(ind) -nan(ind) -nan(ind) -nan(ind) -nan(ind) -nan(ind) -nan(ind) 38.8701324462890625 42.13977813720703125 44.4653472900390625 49.048564910888671875 55.51996612548828125 64.3885498046875 68.1157073974609375 71.3381195068359375 74.52478790283203125 72.90917205810546875 70.72859954833984375 68.1777191162109375 66.334503173828125 62.894298553466796875 58.07061004638671875 57.6288604736328125 56.9109649658203125 55.9976806640625 55.476165771484375 54.592243194580078125 53.279483795166015625 50.524951934814453125 48.566074371337890625 -nan(ind) -nan(ind) -nan(ind) -nan(ind) -nan(ind) -nan(ind) -nan(ind) -nan(ind) -nan(ind) -nan(ind) -nan(ind) -nan(ind) -nan(ind) -nan(ind) -nan(ind) -nan(ind) -nan(ind) -nan(ind) -nan(ind)
-nan(ind) -nan(ind) -nan(ind) -nan(ind) -nan(ind) -nan(ind) -nan(ind) -nan(ind) 40.636447906494140625 43.169921875 47.28174591064453125 53.428272247314453125 62.342403411865234375 67.3759918212890625 70.58419036865234375 71.88524627685546875 70.71706390380859375 67.537811279296875 62.25347137451171875 60.84905242919921875 59.295940399169921875 57.61304473876953125 57.12667083740234375 56.386829376220703125 55.490692138671875 55.25852203369140625 54.27188873291015625 52.714569091796875 50.78228759765625 49.13068389892578125 -nan(ind) -nan(ind) -nan(ind) -nan(ind) -nan(ind) -nan(ind) -nan(ind) -nan(ind) -nan(ind) -nan(ind) -nan(ind) -nan(ind) -nan(ind) -nan(ind) -nan(ind) -nan(ind) -nan(ind) -nan(ind) -nan(ind)
-nan(ind) -nan(ind) -nan(ind) -nan(ind) -nan(ind) -nan(ind) -nan(ind) -nan(ind) 41.18584442138671875 45.0283050537109375 52.406330108642578125 60.057437896728515625 67.36270904541015625 72.38861846923828125 76.0641326904296875 78.2572784423828125 75.94853973388671875 72.04039764404296875 66.59462738037109375 64.881500244140625 62.5248565673828125 59.586368560791015625 58.4051666259765625 57.858570098876953125 57.786472320556640625 57.1504364013671875 56.86383056640625 56.77710723876953125 56.3386688232421875 54.447116851806640625 -nan(ind) -nan(ind) -nan(ind) -nan(ind) -nan(ind) -nan(ind) -nan(ind) -nan(ind) -nan(ind) -nan(ind) -nan(ind) -nan(ind) -nan(ind) -nan(ind) -nan(ind) -nan(ind) -nan(ind) -nan(ind) -nan(ind)
-nan(ind) -nan(ind) -nan(ind) -nan(ind) -nan(ind) -nan(ind) -nan(ind) -nan(ind) 40.69704437255859375 44.750186920166015625 49.314388275146484375 56.197254180908203125 66.5118255615234375 71.0965423583984375 73.5508270263671875 73.92437744140625 72.29622650146484375 69.2185211181640625 64.63543701171875 63.352710723876953125 62.0940704345703125 60.838138580322265625 59.66925048828125 59.204833984375 59.2464141845703125 58.388187408447265625 58.233860015869140625 58.538356781005859375 58.59232330322265625 57.890460968017578125 56.721622467041015625 55.43489837646484375 -nan(ind) -nan(ind) -nan(ind) -nan(ind) -nan(ind) -nan(ind) -nan(ind) -nan(ind) -nan(ind) -nan(ind) -nan(ind) -nan(ind) -nan(ind) -nan(ind) -nan(ind) -nan(ind) -nan(ind)
-nan(ind) -nan(ind) -nan(ind) -nan(ind) -nan(ind) -nan(ind) -nan(ind) -nan(ind) 39.230396270751953125 43.703723907470703125 45.95403289794921875 51.09911346435546875 61.14603424072265625 65.07244873046875 66.97444915771484375 66.9809112548828125 66.28949737548828125 64.6038055419921875 61.84920501708984375 60.671718597412109375 59.911327362060546875 59.512332916259765625 58.34867095947265625 57.6715087890625 57.366199493408203125 56.735614776611328125 56.591632843017578125 56.82118988037109375 57.337200164794921875 57.5959014892578125 57.79541778564453125 58.52899169921875 -nan(ind) -nan(ind) -nan(ind) -nan(ind) -nan(ind) -nan(ind) -nan(ind) -nan(ind) -nan(ind) -nan(ind) -nan(ind) -nan(ind) -nan(ind) -nan(ind) -nan(ind) -nan(ind) -nan(ind)
-nan(ind) -nan(ind) -nan(ind) -nan(ind) -nan(ind) -nan(ind) -nan(ind) -nan(ind) 36.699108123779296875 42.10118865966796875 44.05170440673828125 46.7250213623046875 51.24738311767578125 54.3318328857421875 56.923557281494140625 59.047672271728515625 59.21675872802734375 59.299846649169921875 59.3924102783203125 57.750934600830078125 56.307804107666015625 55.06331634521484375 53.7448272705078125 52.512470245361328125 51.441753387451171875 51.578632354736328125 51.414058685302734375 51.2057952880859375 52.3510589599609375 52.95487213134765625 53.776721954345703125 57.693634033203125 59.009075164794921875 -nan(ind) -nan(ind) -nan(ind) -nan(ind) -nan(ind) -nan(ind) -nan(ind) -nan(ind) -nan(ind) -nan(ind) -nan(ind) -nan(ind) -nan(ind) -nan(ind) -nan(ind) -nan(ind)
-nan(ind) -nan(ind) -nan(ind) -nan(ind) -nan(ind) -nan(ind) -nan(ind) -nan(ind) 32.822170257568359375 38.45072174072265625 41.704784393310546875 44.76041412353515625 48.02535247802734375 50.670391082763671875 53.458972930908203125 56.509304046630859375 56.724903106689453125 57.3913421630859375 58.712009429931640625 58.3131561279296875 58.24410247802734375 58.46160125732421875 57.462825775146484375 57.339710235595703125 57.900196075439453125 58.063938140869140625 58.1613616943359375 58.263149261474609375 58.776653289794921875 59.707790374755859375 60.792530059814453125 61.341518402099609375 61.295459747314453125 -nan(ind) -nan(ind) -nan(ind) -nan(ind) -nan(ind) -nan(ind) -nan(ind) -nan(ind) -nan(ind) -nan(ind) -nan(ind) -nan(ind) -nan(ind) -nan(ind) -nan(ind) -nan(ind)
-nan(ind) -nan(ind) -nan(ind) -nan(ind) -nan(ind) -nan(ind) -nan(ind) -nan(ind) 30.196407318115234375 35.85546875 40.472934722900390625 44.26583099365234375 47.023906707763671875 49.648174285888671875 52.692325592041015625 56.2991790771484375 56.9559326171875 57.756435394287109375 58.875637054443359375 59.656269073486328125 60.32805633544921875 60.889011383056640625 61.1577911376953125 61.402622222900390625 61.66843414306640625 62.469146728515625 63.074428558349609375 63.620395660400390625 64.791107177734375 65.8912200927734375 66.93872833251953125 67.9233856201171875 66.94023895263671875 65.40203094482421875 65.7138824462890625 -nan(ind) -nan(ind) -nan(ind) -nan(ind) -nan(ind) -nan(ind) -nan(ind) -nan(ind) -nan(ind) -nan(ind) -nan(ind) -nan(ind) -nan(ind) -nan(ind)
-nan(ind) -nan(ind) -nan(ind) -nan(ind) -nan(ind) -nan(ind) -nan(ind) -nan(ind) 28.568956375122070313 33.699420928955078125 39.419658660888671875 44.132114410400390625 47.177799224853515625 49.929203033447265625 53.2266845703125 57.27051544189453125 58.560108184814453125 59.329326629638671875 59.667644500732421875 61.507511138916015625 62.5503997802734375 62.875690460205078125 64.800201416015625 65.11438751220703125 64.29804229736328125 65.88326263427734375 67.30094146728515625 68.73729705810546875 71.27611541748046875 72.458221435546875 73.24668121337890625 76.38161468505859375 74.39275360107421875 70.6891326904296875 70.630401611328125 -nan(ind) -nan(ind) -nan(ind) -nan(ind) -nan(ind) -nan(ind) -nan(ind) -nan(ind) -nan(ind) -nan(ind) -nan(ind) -nan(ind) -nan(ind) -nan(ind)
-nan(ind) -nan(ind) -nan(ind) -nan(ind) -nan(ind) -nan(ind) -nan(ind) -nan(ind) 27.565765380859375 30.056066513061523438 35.367038726806640625 40.671497344970703125 45.357295989990234375 47.51407623291015625 50.84876251220703125 56.022296905517578125 57.525604248046875 59.005054473876953125 60.655414581298828125 63.17365264892578125 64.949249267578125 66.04764556884765625 68.26020050048828125 69.73834991455078125 70.6248779296875 71.60260772705078125 74.49724578857421875 78.58681488037109375 81.54903411865234375 82.9308624267578125 83.39884185791015625 83.980377197265625 79.16118621826171875 72.78989410400390625 71.3714141845703125 -nan(ind) -nan(ind) -nan(ind) -nan(ind) -nan(ind) -nan(ind) -nan(ind) -nan(ind) -nan(ind) -nan(ind) -nan(ind) -nan(ind) -nan(ind) -nan(ind)
-nan(ind) -nan(ind) -nan(ind) -nan(ind) -nan(ind) -nan(ind) -nan(ind) -nan(ind) 26.45162200927734375 27.898649215698242188 31.758880615234375 36.69045257568359375 42.73783111572265625 44.151275634765625 46.429691314697265625 50.3939971923828125 52.575286865234375 55.252338409423828125 58.5770111083984375 60.62616729736328125 62.096172332763671875 63.1378936767578125 67.6939544677734375 70.39540863037109375 71.5819854736328125 72.72354888916015625 74.86132049560546875 77.63120269775390625 79.90576171875 80.45053863525390625 80.61724853515625 84.4882965087890625 78.425140380859375 69.399871826171875 69.01871490478515625 67.89788818359375 -nan(ind) -nan(ind) -nan(ind) -nan(ind) -nan(ind) -nan(ind) -nan(ind) -nan(ind) -nan(ind) -nan(ind) -nan(ind) -nan(ind) -nan(ind)
-nan(ind) -nan(ind) -nan(ind) -nan(ind) -nan(ind) -nan(ind) -nan(ind) -nan(ind) 25.430017471313476563 26.736284255981445313 29.051172256469726563 33.135150909423828125 39.70394134521484375 41.25020599365234375 43.098415374755859375 45.946590423583984375 48.703083038330078125 52.38525390625 57.10247039794921875 58.8732757568359375 60.441539764404296875 61.974796295166015625 67.72333526611328125 70.92327880859375 72.10646820068359375 74.0860137939453125 75.3452301025390625 76.199798583984375 77.83979034423828125 77.08025360107421875 76.28708648681640625 83.4565887451171875 77.6378326416015625 67.7069854736328125 68.03635406494140625 67.6591949462890625 66.38822174072265625 63.05905914306640625 -nan(ind) -nan(ind) -nan(ind) -nan(ind) -nan(ind) -nan(ind) -nan(ind) -nan(ind) -nan(ind) -nan(ind) -nan(ind)
-nan(ind) -nan(ind) -nan(ind) -nan(ind) -nan(ind) -nan(ind) -nan(ind) -nan(ind) 24.683172225952148438 26.59400177001953125 27.916578292846679688 30.851171493530273438 36.375247955322265625 40.00466156005859375 43.52912139892578125 47.14589691162109375 49.9261627197265625 53.856655120849609375 59.112140655517578125 61.83434295654296875 65.10009002685546875 68.877166748046875 71.9128570556640625 74.0438385009765625 75.5983428955078125 79.27692413330078125 81.01461029052734375 81.569732666015625 83.489105224609375 81.191070556640625 78.038787841796875 84.30651092529296875 80.717376708984375 73.5487060546875 72.17031097412109375 70.2001495361328125 68.265899658203125 67.29878997802734375 -nan(ind) -nan(ind) -nan(ind) -nan(ind) -nan(ind) -nan(ind) -nan(ind) -nan(ind) -nan(ind) -nan(ind) -nan(ind)
-nan(ind) -nan(ind) -nan(ind) -nan(ind) -nan(ind) -nan(ind) -nan(ind) -nan(ind) 25.8253326416015625 26.976247787475585938 28.345853805541992188 30.900369644165039063 35.217769622802734375 39.67263031005859375 43.930301666259765625 47.914669036865234375 54.365802764892578125 58.874774932861328125 61.089748382568359375 65.284332275390625 69.85678863525390625 74.7113189697265625 77.599884033203125 79.5589752197265625 80.8159332275390625 82.80422210693359375 84.43419647216796875 85.5491943359375 84.49663543701171875 81.37047576904296875 78.0256805419921875 80.4711761474609375 78.29921722412109375 74.391632080078125 72.940765380859375 70.84375762939453125 68.6663665771484375 67.1348114013671875 59.087940216064453125 -nan(ind) -nan(ind) -nan(ind) -nan(ind) -nan(ind) -nan(ind) -nan(ind) -nan(ind) -nan(ind) -nan(ind)
-nan(ind) -nan(ind) -nan(ind) -nan(ind) -nan(ind) -nan(ind) -nan(ind) -nan(ind) -nan(ind) -nan(ind) 28.847995758056640625 31.127645492553710938 34.57854461669921875 38.8478546142578125 43.36769866943359375 48.114734649658203125 56.852138519287109375 61.77587127685546875 62.24098968505859375 68.973846435546875 74.33240509033203125 78.30390167236328125 81.22821044921875 82.99311065673828125 83.78154754638671875 84.1532745361328125 84.36084747314453125 84.19066619873046875 81.87075042724609375 79.11939239501953125 76.4578857421875 75.77996826171875 74.29544830322265625 72.5714111328125 71.553466796875 69.7609100341796875 67.54627227783203125 64.98871612548828125 59.877323150634765625 55.393383026123046875 55.081592559814453125 -nan(ind) -nan(ind) -nan(ind) -nan(ind) -nan(ind) -nan(ind) -nan(ind) -nan(ind)
-nan(ind) -nan(ind) -nan(ind) -nan(ind) -nan(ind) -nan(ind) -nan(ind) -nan(ind) -nan(ind) -nan(ind) 29.218923568725585938 31.261608123779296875 34.274921417236328125 37.373626708984375 41.681491851806640625 47.552947998046875 56.419818878173828125 61.572711944580078125 62.43145751953125 72.2545013427734375 77.7060394287109375 78.9903717041015625 82.10779571533203125 83.68294525146484375 83.92191314697265625 83.11402130126953125 80.667449951171875 77.32364654541015625 75.9569854736328125 74.64177703857421875 73.178802490234375 70.690704345703125 69.25104522705078125 68.44992828369140625 68.1545562744140625 66.906707763671875 64.84493255615234375 61.349834442138671875 59.712139129638671875 58.594577789306640625 57.15697479248046875 52.983524322509765625 -nan(ind) -nan(ind) -nan(ind) -nan(ind) -nan(ind) -nan(ind) -nan(ind)
-nan(ind) -nan(ind) -nan(ind) -nan(ind) -nan(ind) -nan(ind) -nan(ind) -nan(ind) -nan(ind) -nan(ind) 29.234020233154296875 31.317407608032226563 34.52936553955078125 35.900569915771484375 38.741527557373046875 43.718059539794921875 49.30637359619140625 55.256877899169921875 61.577503204345703125 65.14345550537109375 67.771575927734375 69.719024658203125 77.60401153564453125 81.33148193359375 81.44072723388671875 78.513458251953125 75.69167327880859375 73.12882232666015625 72.0794525146484375 69.35831451416015625 66.0525054931640625 65.06491851806640625 64.62776947021484375 64.37131500244140625 63.708026885986328125 62.10230255126953125 60.4665985107421875 60.072193145751953125 59.043193817138671875 58.07437896728515625 57.8761749267578125 55.817119598388671875 -nan(ind) -nan(ind) -nan(ind) -nan(ind) -nan(ind) -nan(ind) -nan(ind)
-nan(ind) -nan(ind) -nan(ind) -nan(ind) -nan(ind) -nan(ind) -nan(ind) -nan(ind) -nan(ind) -nan(ind) 29.676372528076171875 31.882740020751953125 34.9674224853515625 36.87454986572265625 40.171627044677734375 45.420246124267578125 50.96807098388671875 56.772235870361328125 62.845554351806640625 67.68378448486328125 70.85198974609375 72.5976715087890625 79.2456817626953125 82.17122650146484375 81.81246185302734375 78.14458465576171875 75.1472625732421875 72.8215179443359375 72.16949462890625 70.04021453857421875 67.30716705322265625 66.1212921142578125 65.95275115966796875 66.1638031005859375 65.821380615234375 64.97843170166015625 64.24771881103515625 64.61589813232421875 62.720062255859375 61.2338714599609375 63.038837432861328125 60.51833343505859375 -nan(ind) -nan(ind) -nan(ind) -nan(ind) -nan(ind) -nan(ind) -nan(ind)
-nan(ind) -nan(ind) -nan(ind) -nan(ind) -nan(ind) -nan(ind) -nan(ind) -nan(ind) -nan(ind) -nan(ind) 30.38759613037109375 32.59543609619140625 35.323146820068359375 38.81432342529296875 43.494781494140625 49.63101959228515625 56.620235443115234375 61.924335479736328125 65.30730438232421875 74.7496795654296875 79.8906097412109375 80.937835693359375 83.4031829833984375 84.0994720458984375 83.15482330322265625 79.5797119140625 76.6685028076171875 74.429229736328125 73.90439605712890625 73.1299896240234375 72.05236053466796875 70.07820892333984375 69.78835296630859375 70.28606414794921875 70.55968475341796875 70.59827423095703125 70.55582427978515625 70.57054901123046875 67.609649658203125 65.7704925537109375 69.87850189208984375 66.6154327392578125 62.102550506591796875 59.38327789306640625 -nan(ind) -nan(ind) -nan(ind) -nan(ind) -nan(ind)
-nan(ind) -nan(ind) -nan(ind) -nan(ind) -nan(ind) -nan(ind) -nan(ind) -nan(ind) -nan(ind) -nan(ind) 31.179216384887695313 32.756473541259765625 34.9739837646484375 39.06909942626953125 44.43764495849609375 51.236858367919921875 58.19970703125 63.724086761474609375 67.63889312744140625 77.84676361083984375 83.03730010986328125 83.401123046875 83.6666717529296875 83.19130706787109375 81.95220184326171875 78.60117340087890625 76.32181549072265625 74.7826995849609375 73.20229339599609375 72.31194305419921875 71.7094573974609375 70.41764068603515625 70.13709259033203125 70.41253662109375 70.91510009765625 69.8546600341796875 68.65438079833984375 69.20362091064453125 67.62911224365234375 67.49243927001953125 73.37176513671875 73.8882598876953125 73.09156036376953125 72.672454833984375 -nan(ind) -nan(ind) -nan(ind) -nan(ind) -nan(ind)
-nan(ind) -nan(ind) -nan(ind) -nan(ind) -nan(ind) -nan(ind) -nan(ind) -nan(ind) -nan(ind) -nan(ind) -nan(ind) 32.650722503662109375 35.139148712158203125 38.230228424072265625 42.688045501708984375 48.852069854736328125 54.85406494140625 60.274013519287109375 65.0549468994140625 71.7655029296875 76.04412078857421875 77.93841552734375 78.17052459716796875 78.03482818603515625 77.4279022216796875 74.55615997314453125 73.12752532958984375 72.4122161865234375 69.32939910888671875 67.9545745849609375 67.61054229736328125 67.39209747314453125 65.77325439453125 64.03511810302734375 64.81322479248046875 64.37677764892578125 64.04149627685546875 65.78539276123046875 65.7242584228515625 67.0299835205078125 73.851409912109375 73.6300506591796875 72.820556640625 75.1162109375 65.74359893798828125 -nan(ind) -nan(ind) -nan(ind) -nan(ind)
