imgs/North glacier/glate_full_resized.tif
ncols        305
nrows        320
xllcorner    597500.000000000000
yllcorner    6751000.000000000000
cellsize     20.000000000000
NODATA_value  -9999
[rows 198 to 219 of 320, columns 150 to 199 of 305]
-nan(ind) -nan(ind) -nan(ind) -nan(ind) -nan(ind) -nan(ind) -nan(ind) -nan(ind) 14.763617515563964844 19.878038406372070313 24.946781158447265625 30.100742340087890625 35.33026123046875 40.66155242919921875 46.094944000244140625 51.572322845458984375 57.09502410888671875 62.6175689697265625 67.96048736572265625 73.08715057373046875 77.3723297119140625 81.16375732421875 84.4597015380859375 86.87465667724609375 88.91408538818359375 90.61724853515625 92.22203826904296875 93.9643402099609375 95.823089599609375 97.81243896484375 99.81720733642578125 101.79991912841796875 103.5665435791015625 105.1875 106.76531219482421875 108.522003173828125 110.66622161865234375 113.0952911376953125 115.9407958984375 119.2302703857421875 122.84714508056640625 126.9558868408203125 131.2878570556640625 135.656158447265625 139.9430389404296875 143.9600372314453125 147.76727294921875 151.2733154296875 154.311065673828125 157.189117431640625
-nan(ind) -nan(ind) -nan(ind) -nan(ind) -nan(ind) -nan(ind) -nan(ind) -nan(ind) 12.947766304016113281 17.60147857666015625 22.213748931884765625 26.91945648193359375 31.700099945068359375 36.579196929931640625 41.566616058349609375 46.602787017822265625 51.689968109130859375 56.750408172607421875 61.66361236572265625 66.40179443359375 70.49732208251953125 74.210418701171875 77.53853607177734375 80.10872650146484375 82.34146881103515625 84.2685089111328125 86.0413818359375 87.90232086181640625 89.83786773681640625 91.85760498046875 93.885589599609375 95.8970184326171875 97.76079559326171875 99.53868865966796875 101.3099822998046875 103.28047943115234375 105.5547637939453125 108.055877685546875 110.8970184326171875 114.15857696533203125 117.75215911865234375 121.87918853759765625 126.2686614990234375 130.70574951171875 135.059478759765625 139.1893310546875 143.13348388671875 146.8033599853515625 150.009368896484375 153.1178741455078125
-nan(ind) -nan(ind) -nan(ind) -nan(ind) -nan(ind) -nan(ind) -nan(ind) -nan(ind) 11.286364555358886719 15.472130775451660156 19.630968093872070313 23.889270782470703125 28.222904205322265625 32.65396881103515625 37.201435089111328125 41.800609588623046875 46.45361328125 51.076435089111328125 55.58453369140625 59.957035064697265625 63.854167938232421875 67.45781707763671875 70.76500701904296875 73.4503631591796875 75.8504486083984375 77.98954010009765625 79.95076751708984375 81.93862152099609375 83.9506988525390625 86.0054931640625 88.06813812255859375 90.11843109130859375 92.05133056640625 93.94979095458984375 95.87032318115234375 97.99364471435546875 100.35334014892578125 102.88985443115234375 105.692291259765625 108.90004730224609375 112.44378662109375 116.550750732421875 120.98261260986328125 125.49184417724609375 129.9442291259765625 134.233184814453125 138.35943603515625 142.2285919189453125 145.692108154296875 149.1038665771484375
-nan(ind) -nan(ind) -nan(ind) -nan(ind) -nan(ind) -nan(ind) -nan(ind) -nan(ind) 9.7210760116577148438 13.445414543151855469 17.165996551513671875 20.989152908325195313 24.887660980224609375 28.8827667236328125 33.002490997314453125 37.1766357421875 41.40708160400390625 45.61797332763671875 49.746456146240234375 53.77734375 57.47258758544921875 60.94811248779296875 64.20084381103515625 66.967498779296875 69.5054931640625 71.832061767578125 73.97524261474609375 76.08750152587890625 78.17728424072265625 80.2757568359375 82.38056182861328125 84.47414398193359375 86.4644927978515625 88.45743560791015625 90.49065399169921875 92.717193603515625 95.11841583251953125 97.65167236328125 100.3867645263671875 103.511474609375 106.97475433349609375 111.02753448486328125 115.486602783203125 120.06975555419921875 124.65068817138671875 129.1263580322265625 133.458953857421875 137.54571533203125 141.308929443359375 145.0538482666015625
-nan(ind) -nan(ind) -nan(ind) -nan(ind) -nan(ind) -nan(ind) -nan(ind) -nan(ind) 8.2218751907348632813 11.513798713684082031 14.836122512817382813 18.258661270141601563 21.754087448120117188 25.3426666259765625 29.0618438720703125 32.840000152587890625 36.67989349365234375 40.519744873046875 44.3087921142578125 48.036624908447265625 51.531894683837890625 54.86797332763671875 58.042118072509765625 60.84690093994140625 63.472991943359375 65.93186187744140625 68.21026611328125 70.42816925048828125 72.5994415283203125 74.7602386474609375 76.91323089599609375 79.04891204833984375 81.1015472412109375 83.1633148193359375 85.26401519775390625 87.5337371826171875 89.91053009033203125 92.37863922119140625 95.0104522705078125 98.0027923583984375 101.3332366943359375 105.2855682373046875 109.74849700927734375 114.406158447265625 119.15871429443359375 123.837432861328125 128.384368896484375 132.6931304931640625 136.7552337646484375 140.8196563720703125
-nan(ind) -nan(ind) -nan(ind) -nan(ind) -nan(ind) -nan(ind) -nan(ind) -nan(ind) 6.7197203636169433594 9.6235551834106445313 12.618596076965332031 15.687038421630859375 18.82175445556640625 22.046075820922851563 25.405565261840820313 28.829423904418945313 32.321865081787109375 35.8397216796875 39.33327484130859375 42.79535675048828125 46.101177215576171875 49.297901153564453125 52.383144378662109375 55.18369293212890625 57.8468170166015625 60.37990570068359375 62.747833251953125 65.044036865234375 67.2835693359375 69.4967498779296875 71.69947052001953125 73.8837432861328125 75.988739013671875 78.10724639892578125 80.254150390625 82.50597381591796875 84.82093048095703125 87.19879913330078125 89.70818328857421875 92.51434326171875 95.63565826416015625 99.38240814208984375 103.8430023193359375 108.6016082763671875 113.55773162841796875 118.41899871826171875 123.14270782470703125 127.6268768310546875 131.93499755859375 136.2451934814453125
-nan(ind) -nan(ind) -nan(ind) -nan(ind) -nan(ind) -nan(ind) -nan(ind) -nan(ind) -nan(ind) 7.7804689407348632813 10.467526435852050781 13.211050033569335938 16.015386581420898438 18.90496826171875 21.933864593505859375 25.033296585083007813 28.209306716918945313 31.438695907592773438 34.66707611083984375 37.88965606689453125 41.0215606689453125 44.08335113525390625 47.072845458984375 49.84998321533203125 52.5236663818359375 55.09832000732421875 57.527858734130859375 59.882236480712890625 62.176548004150390625 64.436279296875 66.68608856201171875 68.91941070556640625 71.0844573974609375 73.25792694091796875 75.444915771484375 77.6765289306640625 79.942108154296875 82.2498931884765625 84.66059112548828125 87.29931640625 90.20503997802734375 93.6678314208984375 98.114105224609375 102.983551025390625 108.15674591064453125 113.14156341552734375 117.96448516845703125 122.54485321044921875 127.02301025390625 131.497467041015625
-nan(ind) -nan(ind) -nan(ind) -nan(ind) -nan(ind) -nan(ind) -nan(ind) -nan(ind) -nan(ind) 5.9930782318115234375 8.3794689178466796875 10.826537132263183594 13.331807136535644531 15.916817665100097656 18.6450958251953125 21.450937271118164063 24.342607498168945313 27.317510604858398438 30.31156158447265625 33.321552276611328125 36.29875946044921875 39.231937408447265625 42.11881256103515625 44.85723114013671875 47.518177032470703125 50.104251861572265625 52.5684967041015625 54.96007537841796875 57.29364776611328125 59.594432830810546875 61.88709259033203125 64.1682586669921875 66.4072113037109375 68.6365814208984375 70.8609619140625 73.0865478515625 75.33135223388671875 77.6050872802734375 79.95658111572265625 82.470184326171875 85.1728973388671875 88.26955413818359375 92.68613433837890625 97.67301177978515625 103.07349395751953125 108.10320281982421875 112.9250335693359375 117.5014495849609375 122.055999755859375 126.599029541015625
-nan(ind) -nan(ind) -nan(ind) -nan(ind) -nan(ind) -nan(ind) -nan(ind) -nan(ind) -nan(ind) 4.458995819091796875 6.4845981597900390625 8.6475200653076171875 10.88158416748046875 13.195597648620605469 15.661777496337890625 18.218221664428710938 20.87693023681640625 23.651235580444335938 26.46563720703125 29.318460464477539063 32.1693572998046875 34.992431640625 37.785388946533203125 40.459453582763671875 43.075473785400390625 45.634456634521484375 48.084743499755859375 50.47802734375 52.8262939453125 55.153839111328125 57.48763275146484375 59.82205963134765625 62.133937835693359375 64.4386138916015625 66.7371063232421875 69.02447509765625 71.338775634765625 73.69319915771484375 76.15493011474609375 78.810394287109375 81.6553955078125 84.8588714599609375 89.040771484375 93.79659271240234375 99.24019622802734375 103.9727020263671875 108.444305419921875 112.73397064208984375 117.12819671630859375 121.50946044921875
-nan(ind) -nan(ind) -nan(ind) -nan(ind) -nan(ind) -nan(ind) -nan(ind) -nan(ind) -nan(ind) -nan(ind) -nan(ind) 6.5850281715393066406 8.5458765029907226563 10.617812156677246094 12.83690643310546875 15.159039497375488281 17.60225677490234375 20.196659088134765625 22.85247802734375 25.569366455078125 28.312826156616210938 31.035280227661132813 33.734130859375 36.338165283203125 38.896373748779296875 41.409381866455078125 43.833858489990234375 46.21871185302734375 48.5735626220703125 50.92722320556640625 53.29843902587890625 55.68106842041015625 58.0650482177734375 60.444133758544921875 62.819667816162109375 65.19094085693359375 67.59783935546875 70.05921173095703125 72.6678009033203125 75.49204254150390625 78.51943206787109375 81.92169189453125 86.0793609619140625 90.736358642578125 96.06621551513671875 100.2259979248046875 104.09032440185546875 107.93573760986328125 112.0684051513671875 116.184967041015625
-nan(ind) -nan(ind) -nan(ind) -nan(ind) -nan(ind) -nan(ind) -nan(ind) -nan(ind) -nan(ind) -nan(ind) -nan(ind) -nan(ind) 6.344478607177734375 8.1864290237426757813 10.167169570922851563 12.265587806701660156 14.507093429565429688 16.938915252685546875 19.456022262573242188 22.059617996215820313 24.714778900146484375 27.3472747802734375 29.953948974609375 32.481342315673828125 34.970432281494140625 37.422313690185546875 39.8109283447265625 42.178859710693359375 44.533428192138671875 46.910907745361328125 49.315349578857421875 51.740886688232421875 54.19245147705078125 56.643520355224609375 59.097232818603515625 61.56561279296875 64.080169677734375 66.66399383544921875 69.4334259033203125 72.4311981201171875 75.64952850341796875 79.2816162109375 83.5318756103515625 88.1440887451171875 93.1893310546875 96.675384521484375 99.83541107177734375 103.112091064453125 106.92481231689453125 110.70021820068359375
-nan(ind) -nan(ind) -nan(ind) -nan(ind) -nan(ind) -nan(ind) -nan(ind) -nan(ind) -nan(ind) -nan(ind) -nan(ind) -nan(ind) 4.4317984580993652344 5.9861207008361816406 7.7141695022583007813 9.5855560302734375 11.6304473876953125 13.911283493041992188 16.314767837524414063 18.84584808349609375 21.442014694213867188 24.005706787109375 26.532949447631835938 28.9689178466796875 31.378702163696289063 33.763202667236328125 36.107635498046875 38.45244598388671875 40.801525115966796875 43.191455841064453125 45.62099456787109375 48.081203460693359375 50.577297210693359375 53.091064453125 55.618335723876953125 58.1652374267578125 60.7765350341796875 63.46155548095703125 66.3173980712890625 69.4084930419921875 72.7044525146484375 76.35778045654296875 80.42894744873046875 84.6996612548828125 89.14949798583984375 92.593994140625 95.62164306640625 98.29114532470703125 101.88466644287109375 105.320587158203125
-nan(ind) -nan(ind) -nan(ind) -nan(ind) -nan(ind) -nan(ind) -nan(ind) -nan(ind) -nan(ind) -nan(ind) -nan(ind) -nan(ind) -nan(ind) -nan(ind) 5.4876637458801269531 7.0946722030639648438 8.9192152023315429688 11.051365852355957031 13.363877296447753906 15.867380142211914063 18.447668075561523438 20.964687347412109375 23.4131011962890625 25.760166168212890625 28.087743759155273438 30.397518157958984375 32.696544647216796875 35.008892059326171875 37.337207794189453125 39.726104736328125 42.164676666259765625 44.64269256591796875 47.17235565185546875 49.72774505615234375 52.30352020263671875 54.911388397216796875 57.58344268798828125 60.324718475341796875 63.219905853271484375 66.33386993408203125 69.6195068359375 73.1795196533203125 77.01894378662109375 80.96370697021484375 84.957489013671875 88.34427642822265625 91.41826629638671875 94.14786529541015625 97.53441619873046875 100.49298858642578125
-nan(ind) -nan(ind) -nan(ind) -nan(ind) -nan(ind) -nan(ind) -nan(ind) -nan(ind) -nan(ind) -nan(ind) -nan(ind) -nan(ind) -nan(ind) -nan(ind) -nan(ind) -nan(ind) -nan(ind) 8.3280544281005859375 10.566231727600097656 13.090099334716796875 15.688135147094726563 18.174160003662109375 20.541301727294921875 22.793367385864257813 25.034723281860351563 27.2673797607421875 29.514707565307617188 31.785587310791015625 34.081890106201171875 36.4565277099609375 38.89128875732421875 41.37445831298828125 43.9246368408203125 46.504425048828125 49.10884857177734375 51.756000518798828125 54.46120452880859375 57.228092193603515625 60.13066864013671875 63.219310760498046875 66.44112396240234375 69.85681915283203125 73.4489288330078125 77.092193603515625 80.727752685546875 84.0299224853515625 87.1546478271484375 90.07846832275390625 93.179412841796875 95.6576080322265625
-nan(ind) -nan(ind) -nan(ind) -nan(ind) -nan(ind) -nan(ind) -nan(ind) -nan(ind) -nan(ind) -nan(ind) -nan(ind) -nan(ind) -nan(ind) -nan(ind) -nan(ind) -nan(ind) -nan(ind) 5.7729754447937011719 7.9553203582763671875 10.571089744567871094 13.226647377014160156 15.698398590087890625 17.97802734375 20.118604660034179688 22.266965866088867188 24.423509597778320313 26.60556793212890625 28.822351455688476563 31.074110031127929688 33.41571807861328125 35.831119537353515625 38.305042266845703125 40.855121612548828125 43.4380340576171875 46.047260284423828125 48.6988677978515625 51.405094146728515625 54.166412353515625 57.04404449462890625 60.05818939208984375 63.170276641845703125 66.4254150390625 69.78113555908203125 73.16600799560546875 76.54654693603515625 79.7158050537109375 82.74115753173828125 85.57329559326171875 88.1941986083984375 90.3086395263671875
-nan(ind) -nan(ind) -nan(ind) -nan(ind) -nan(ind) -nan(ind) -nan(ind) -nan(ind) -nan(ind) -nan(ind) -nan(ind) -nan(ind) -nan(ind) -nan(ind) -nan(ind) -nan(ind) -nan(ind) -nan(ind) -nan(ind) -nan(ind) 11.199002265930175781 13.599026679992675781 15.751299858093261719 17.77092742919921875 19.809061050415039063 21.866168975830078125 23.97367095947265625 26.118150711059570313 28.301433563232421875 30.596160888671875 32.97371673583984375 35.41655731201171875 37.942035675048828125 40.50260162353515625 43.0915069580078125 45.726802825927734375 48.41269683837890625 51.1457977294921875 53.971950531005859375 56.896694183349609375 59.890167236328125 62.98084259033203125 66.14463043212890625 69.32830047607421875 72.50557708740234375 75.525726318359375 78.4190521240234375 81.1272125244140625 83.541900634765625 85.59430694580078125
-nan(ind) -nan(ind) -nan(ind) -nan(ind) -nan(ind) -nan(ind) -nan(ind) -nan(ind) -nan(ind) -nan(ind) -nan(ind) -nan(ind) -nan(ind) -nan(ind) -nan(ind) -nan(ind) -nan(ind) -nan(ind) -nan(ind) -nan(ind) 9.5188207626342773438 11.765835762023925781 13.735719680786132813 15.606893539428710938 17.515798568725585938 19.461851119995117188 21.4812469482421875 23.545549392700195313 25.656198501586914063 27.89418792724609375 30.22313690185546875 32.62359619140625 35.1135406494140625 37.642932891845703125 40.204067230224609375 42.816738128662109375 45.476261138916015625 48.175106048583984375 50.943264007568359375 53.777767181396484375 56.657688140869140625 59.600536346435546875 62.599761962890625 65.61429595947265625 68.6239013671875 71.50942230224609375 74.282989501953125 76.8856048583984375 79.1954498291015625 81.2628173828125
-nan(ind) -nan(ind) -nan(ind) -nan(ind) -nan(ind) -nan(ind) -nan(ind) -nan(ind) -nan(ind) -nan(ind) -nan(ind) -nan(ind) -nan(ind) -nan(ind) -nan(ind) -nan(ind) -nan(ind) -nan(ind) -nan(ind) -nan(ind) 8.1928625106811523438 10.195784568786621094 11.923177719116210938 13.61466217041015625 15.374339103698730469 17.19903564453125 19.116115570068359375 21.09401702880859375 23.130979537963867188 25.302633285522460938 27.572858810424804688 29.920642852783203125 32.365810394287109375 34.85761260986328125 37.3862152099609375 39.972095489501953125 42.601352691650390625 45.262271881103515625 47.96909332275390625 50.71526336669921875 53.48986053466796875 56.3065032958984375 59.167873382568359375 62.043609619140625 64.92107391357421875 67.6935272216796875 70.36901092529296875 72.89517974853515625 75.1780242919921875 77.3033294677734375
-nan(ind) -nan(ind) -nan(ind) -nan(ind) -nan(ind) -nan(ind) -nan(ind) -nan(ind) -nan(ind) -nan(ind) -nan(ind) -nan(ind) -nan(ind) -nan(ind) -nan(ind) -nan(ind) -nan(ind) -nan(ind) -nan(ind) -nan(ind) 7.1904549598693847656 8.8478031158447265625 10.30489349365234375 11.818427085876464844 13.424366950988769531 15.118859291076660156 16.946516036987304688 18.842542648315429688 20.803869247436523438 22.905513763427734375 25.107547760009765625 27.390232086181640625 29.783306121826171875 32.23451995849609375 34.72962188720703125 37.286151885986328125 39.87857818603515625 42.4951324462890625 45.1417083740234375 47.8118743896484375 50.501407623291015625 53.223419189453125 55.98738861083984375 58.76859283447265625 61.56089019775390625 64.2653045654296875 66.888824462890625 69.38797760009765625 71.70833587646484375 73.92653656005859375
-nan(ind) -nan(ind) -nan(ind) -nan(ind) -nan(ind) -nan(ind) -nan(ind) -nan(ind) -nan(ind) -nan(ind) -nan(ind) -nan(ind) -nan(ind) -nan(ind) -nan(ind) -nan(ind) -nan(ind) -nan(ind) -nan(ind) -nan(ind) 6.2121729850769042969 7.5149865150451660156 8.7014293670654296875 10.046299934387207031 11.510342597961425781 13.088407516479492188 14.834666252136230469 16.658681869506835938 18.554698944091796875 20.58721923828125 22.721792221069335938 24.939970016479492188 27.281324386596679688 29.692020416259765625 32.152984619140625 34.676837921142578125 37.231243133544921875 39.8042449951171875 42.39536285400390625 45.00080108642578125 47.62047576904296875 50.2675933837890625 52.957489013671875 55.66693115234375 58.39264678955078125 61.047885894775390625 63.640369415283203125 66.13758087158203125 68.5137481689453125 70.83020782470703125
-nan(ind) -nan(ind) -nan(ind) -nan(ind) -nan(ind) -nan(ind) -nan(ind) -nan(ind) -nan(ind) -nan(ind) -nan(ind) -nan(ind) -nan(ind) -nan(ind) -nan(ind) 1.064422607421875 1.3615804910659790039 2.0794949531555175781 3.0271718502044677734 4.215770721435546875 5.2109961509704589844 6.1682844161987304688 7.0951914787292480469 8.2855091094970703125 9.6205873489379882813 11.093903541564941406 12.766361236572265625 14.526719093322753906 16.365873336791992188 18.3330078125 20.402566909790039063 22.557809829711914063 24.848705291748046875 27.219274520874023438 29.645574569702148438 32.13405609130859375 34.649211883544921875 37.17920684814453125 39.71966552734375 42.270359039306640625 44.833553314208984375 47.423603057861328125 50.058963775634765625 52.71582794189453125 55.39194488525390625 58.01631927490234375 60.597408294677734375 63.11443328857421875 65.5611419677734375 67.9788360595703125
-nan(ind) -nan(ind) -nan(ind) -nan(ind) -nan(ind) -nan(ind) -nan(ind) -nan(ind) -nan(ind) -nan(ind) -nan(ind) -nan(ind) -nan(ind) -nan(ind) -nan(ind) 1.603936314582824707 1.7167897224426269531 2.1178076267242431641 2.6775698661804199219 3.4040029048919677734 4.0455770492553710938 4.7205166816711425781 5.436550140380859375 6.5075125694274902344 7.7368106842041015625 9.1178808212280273438 10.727247238159179688 12.43283843994140625 14.223203659057617188 16.13857269287109375 18.151639938354492188 20.249088287353515625 22.4939117431640625 24.825809478759765625 27.21692657470703125 29.667560577392578125 32.14144134521484375 34.628543853759765625 37.125911712646484375 39.633884429931640625 42.15650177001953125 44.712131500244140625 47.313076019287109375 49.937503814697265625 52.5861663818359375 55.206745147705078125 57.803615570068359375 60.365337371826171875 62.895938873291015625 65.41289520263671875
