imgs/North glacier/glate_unconstrained_corrected_resized.tif
ncols        305
nrows        320
xllcorner    597500.000000000000
yllcorner    6751000.000000000000
cellsize     20.000000000000
NODATA_value  -9999
[rows 110 to 131 of 320, columns 98 to 146 of 305]
-nan(ind) -nan(ind) -nan(ind) -nan(ind) -nan(ind) -nan(ind) -nan(ind) -nan(ind) -nan(ind) -nan(ind) -nan(ind) -nan(ind) -nan(ind) -nan(ind) -nan(ind) -nan(ind) -nan(ind) -nan(ind) -nan(ind) -nan(ind) -nan(ind) -nan(ind) -nan(ind) -nan(ind) -nan(ind) -nan(ind) -nan(ind) -nan(ind) -nan(ind) -nan(ind) -nan(ind) -nan(ind) -nan(ind) -nan(ind) -nan(ind) -nan(ind) -nan(ind) -nan(ind) -nan(ind) -nan(ind) -nan(ind) -nan(ind) -nan(ind) -nan(ind) -nan(ind) -nan(ind) -nan(ind) -nan(ind) -nan(ind)
-nan(ind) -nan(ind) -nan(ind) -nan(ind) -nan(ind) -nan(ind) -nan(ind) -nan(ind) -nan(ind) -nan(ind) -nan(ind) -nan(ind) -nan(ind) -nan(ind) -nan(ind) -nan(ind) -nan(ind) -nan(ind) -nan(ind) -nan(ind) -nan(ind) -nan(ind) -nan(ind) -nan(ind) -nan(ind) -nan(ind) -nan(ind) -nan(ind) -nan(ind) -nan(ind) -nan(ind) -nan(ind) -nan(ind) -nan(ind) -nan(ind) -nan(ind) -nan(ind) -nan(ind) -nan(ind) -nan(ind) -nan(ind) -nan(ind) -nan(ind) -nan(ind) -nan(ind) -nan(ind) -nan(ind) -nan(ind) -nan(ind)
-nan(ind) -nan(ind) -nan(ind) -nan(ind) -nan(ind) -nan(ind) -nan(ind) -nan(ind) -nan(ind) -nan(ind) -nan(ind) -nan(ind) -nan(ind) -nan(ind) -nan(ind) -nan(ind) -nan(ind) -nan(ind) -nan(ind) -nan(ind) -nan(ind) -nan(ind) -nan(ind) -nan(ind) -nan(ind) -nan(ind) -nan(ind) -nan(ind) -nan(ind) -nan(ind) -nan(ind) -nan(ind) -nan(ind) -nan(ind) -nan(ind) -nan(ind) -nan(ind) -nan(ind) -nan(ind) -nan(ind) -nan(ind) -nan(ind) -nan(ind) -nan(ind) -nan(ind) -nan(ind) -nan(ind) -nan(ind) -nan(ind)
-nan(ind) -nan(ind) -nan(ind) -nan(ind) -nan(ind) -nan(ind) -nan(ind) -nan(ind) -nan(ind) -nan(ind) -nan(ind) -nan(ind) -nan(ind) -nan(ind) -nan(ind) -nan(ind) -nan(ind) -nan(ind) -nan(ind) -nan(ind) -nan(ind) -nan(ind) -nan(ind) -nan(ind) -nan(ind) -nan(ind) -nan(ind) -nan(ind) -nan(ind) -nan(ind) -nan(ind) -nan(ind) -nan(ind) -nan(ind) -nan(ind) -nan(ind) -nan(ind) -nan(ind) -nan(ind) -nan(ind) -nan(ind) -nan(ind) -nan(ind) -nan(ind) -nan(ind) -nan(ind) -nan(ind) -nan(ind) -nan(ind)
-nan(ind) -nan(ind) -nan(ind) -nan(ind) -nan(ind) -nan(ind) -nan(ind) -nan(ind) -nan(ind) -nan(ind) -nan(ind) -nan(ind) -nan(ind) -nan(ind) -nan(ind) -nan(ind) -nan(ind) -nan(ind) -nan(ind) -nan(ind) -nan(ind) -nan(ind) -nan(ind) -nan(ind) -nan(ind) -nan(ind) -nan(ind) -nan(ind) -nan(ind) -nan(ind) -nan(ind) -nan(ind) -nan(ind) -nan(ind) -nan(ind) -nan(ind) -nan(ind) -nan(ind) -nan(ind) -nan(ind) -nan(ind) -nan(ind) -nan(ind) -nan(ind) -nan(ind) -nan(ind) -nan(ind) -nan(ind) -nan(ind)
-nan(ind) -nan(ind) -nan(ind) -nan(ind) -nan(ind) -nan(ind) -nan(ind) -nan(ind) -nan(ind) -nan(ind) -nan(ind) -nan(ind) -nan(ind) -nan(ind) -nan(ind) -nan(ind) -nan(ind) -nan(ind) -nan(ind) -nan(ind) -nan(ind) -nan(ind) -nan(ind) -nan(ind) -nan(ind) -nan(ind) -nan(ind) -nan(ind) -nan(ind) -nan(ind) -nan(ind) -nan(ind) -nan(ind) -nan(ind) -nan(ind) -nan(ind) -nan(ind) -nan(ind) -nan(ind) -nan(ind) -nan(ind) -nan(ind) -nan(ind) -nan(ind) -nan(ind) -nan(ind) -nan(ind) -nan(ind) -nan(ind)
87.124786376953125 84.35753631591796875 -nan(ind) -nan(ind) -nan(ind) -nan(ind) -nan(ind) -nan(ind) -nan(ind) -nan(ind) -nan(ind) -nan(ind) -nan(ind) -nan(ind) -nan(ind) -nan(ind) -nan(ind) -nan(ind) -nan(ind) -nan(ind) -nan(ind) -nan(ind) -nan(ind) -nan(ind) -nan(ind) -nan(ind) -nan(ind) -nan(ind) -nan(ind) -nan(ind) -nan(ind) -nan(ind) -nan(ind) -nan(ind) -nan(ind) -nan(ind) -nan(ind) -nan(ind) -nan(ind) -nan(ind) -nan(ind) -nan(ind) -nan(ind) -nan(ind) -nan(ind) -nan(ind) -nan(ind) -nan(ind) -nan(ind)
90.5619354248046875 88.82938385009765625 90.33228302001953125 93.12331390380859375 81.59415435791015625 -nan(ind) -nan(ind) -nan(ind) -nan(ind) -nan(ind) -nan(ind) -nan(ind) -nan(ind) -nan(ind) -nan(ind) -nan(ind) -nan(ind) -nan(ind) -nan(ind) -nan(ind) -nan(ind) -nan(ind) -nan(ind) -nan(ind) -nan(ind) -nan(ind) -nan(ind) -nan(ind) -nan(ind) -nan(ind) -nan(ind) -nan(ind) -nan(ind) -nan(ind) -nan(ind) -nan(ind) -nan(ind) -nan(ind) -nan(ind) -nan(ind) -nan(ind) -nan(ind) -nan(ind) -nan(ind) -nan(ind) -nan(ind) -nan(ind) -nan(ind) -nan(ind)
100.20786285400390625 99.89620208740234375 100.2696685791015625 100.13488006591796875 87.99777984619140625 -nan(ind) -nan(ind) -nan(ind) -nan(ind) -nan(ind) -nan(ind) -nan(ind) -nan(ind) -nan(ind) -nan(ind) -nan(ind) -nan(ind) -nan(ind) -nan(ind) -nan(ind) -nan(ind) -nan(ind) -nan(ind) -nan(ind) -nan(ind) -nan(ind) -nan(ind) -nan(ind) -nan(ind) -nan(ind) -nan(ind) -nan(ind) -nan(ind) -nan(ind) -nan(ind) -nan(ind) -nan(ind) -nan(ind) -nan(ind) -nan(ind) -nan(ind) -nan(ind) -nan(ind) -nan(ind) -nan(ind) -nan(ind) -nan(ind) -nan(ind) -nan(ind)
104.59891510009765625 105.5883331298828125 106.07358551025390625 105.519561767578125 97.5663909912109375 92.22835540771484375 88.26467132568359375 81.54177093505859375 -nan(ind) -nan(ind) -nan(ind) -nan(ind) -nan(ind) -nan(ind) -nan(ind) -nan(ind) -nan(ind) -nan(ind) -nan(ind) -nan(ind) -nan(ind) -nan(ind) -nan(ind) -nan(ind) -nan(ind) -nan(ind) -nan(ind) -nan(ind) -nan(ind) -nan(ind) -nan(ind) -nan(ind) -nan(ind) -nan(ind) -nan(ind) -nan(ind) -nan(ind) -nan(ind) -nan(ind) -nan(ind) -nan(ind) -nan(ind) -nan(ind) -nan(ind) -nan(ind) -nan(ind) -nan(ind) -nan(ind) -nan(ind)
111.53003692626953125 111.15229034423828125 111.02919769287109375 110.71358489990234375 105.89537811279296875 101.16461944580078125 95.9324951171875 86.553680419921875 83.176544189453125 82.84465789794921875 80.6189422607421875 -nan(ind) -nan(ind) -nan(ind) -nan(ind) -nan(ind) -nan(ind) -nan(ind) -nan(ind) -nan(ind) -nan(ind) -nan(ind) -nan(ind) -nan(ind) -nan(ind) -nan(ind) -nan(ind) -nan(ind) -nan(ind) -nan(ind) -nan(ind) -nan(ind) -nan(ind) -nan(ind) -nan(ind) -nan(ind) -nan(ind) -nan(ind) -nan(ind) -nan(ind) -nan(ind) -nan(ind) -nan(ind) -nan(ind) -nan(ind) -nan(ind) -nan(ind) -nan(ind) -nan(ind)
127.5984954833984375 120.32757568359375 117.1851348876953125 116.68129730224609375 109.33147430419921875 102.8282318115234375 96.59427642822265625 88.16619110107421875 84.966522216796875 84.4961395263671875 82.78379058837890625 -nan(ind) -nan(ind) -nan(ind) -nan(ind) -nan(ind) -nan(ind) -nan(ind) -nan(ind) -nan(ind) -nan(ind) -nan(ind) -nan(ind) -nan(ind) -nan(ind) -nan(ind) -nan(ind) -nan(ind) -nan(ind) -nan(ind) -nan(ind) -nan(ind) -nan(ind) -nan(ind) -nan(ind) -nan(ind) -nan(ind) -nan(ind) -nan(ind) -nan(ind) -nan(ind) -nan(ind) -nan(ind) -nan(ind) -nan(ind) -nan(ind) -nan(ind) -nan(ind) -nan(ind)
130.306182861328125 121.8872528076171875 118.12538909912109375 117.1409912109375 106.149017333984375 100.009857177734375 96.47644805908203125 88.23279571533203125 84.60195159912109375 83.52143096923828125 82.10523223876953125 81.01854705810546875 80.2121124267578125 79.90906524658203125 -nan(ind) -nan(ind) -nan(ind) -nan(ind) -nan(ind) -nan(ind) -nan(ind) -nan(ind) -nan(ind) -nan(ind) -nan(ind) -nan(ind) -nan(ind) -nan(ind) -nan(ind) -nan(ind) -nan(ind) -nan(ind) -nan(ind) -nan(ind) -nan(ind) -nan(ind) -nan(ind) -nan(ind) -nan(ind) -nan(ind) -nan(ind) -nan(ind) -nan(ind) -nan(ind) -nan(ind) -nan(ind) -nan(ind) -nan(ind) -nan(ind)
134.8983917236328125 126.22924041748046875 119.97472381591796875 115.011505126953125 103.1510772705078125 97.1242523193359375 94.446502685546875 87.7117767333984375 84.34558868408203125 82.96817779541015625 82.0203704833984375 81.3017120361328125 80.760986328125 80.50101470947265625 82.167572021484375 85.81435394287109375 93.41059112548828125 94.6863555908203125 94.4646453857421875 95.71142578125 -nan(ind) -nan(ind) -nan(ind) -nan(ind) -nan(ind) -nan(ind) -nan(ind) -nan(ind) -nan(ind) -nan(ind) -nan(ind) -nan(ind) -nan(ind) -nan(ind) -nan(ind) -nan(ind) -nan(ind) -nan(ind) -nan(ind) -nan(ind) -nan(ind) -nan(ind) -nan(ind) -nan(ind) -nan(ind) -nan(ind) -nan(ind) -nan(ind) -nan(ind)
142.5038299560546875 133.45452880859375 122.64467620849609375 110.67238616943359375 101.193023681640625 94.902740478515625 90.768768310546875 86.82814788818359375 84.45916748046875 83.1683502197265625 82.88021087646484375 82.8381805419921875 82.72527313232421875 81.84331512451171875 85.19315338134765625 90.1309967041015625 94.77573394775390625 95.99627685546875 96.4019775390625 97.59384918212890625 96.9817047119140625 95.69823455810546875 93.97077178955078125 83.9545135498046875 -nan(ind) -nan(ind) -nan(ind) -nan(ind) -nan(ind) -nan(ind) -nan(ind) -nan(ind) -nan(ind) -nan(ind) -nan(ind) -nan(ind) -nan(ind) -nan(ind) -nan(ind) -nan(ind) -nan(ind) -nan(ind) -nan(ind) -nan(ind) -nan(ind) -nan(ind) -nan(ind) -nan(ind) -nan(ind)
138.732086181640625 122.2733154296875 111.6046905517578125 105.5081939697265625 99.81966400146484375 95.96659088134765625 92.99883270263671875 87.50701141357421875 84.40273284912109375 82.92333221435546875 82.8976898193359375 82.93634796142578125 82.9541015625 82.7610931396484375 86.26219940185546875 91.1746673583984375 95.912872314453125 97.78388214111328125 99.276397705078125 102.2310028076171875 100.57585906982421875 98.2045135498046875 96.89054107666015625 92.356414794921875 -nan(ind) -nan(ind) -nan(ind) -nan(ind) -nan(ind) -nan(ind) -nan(ind) -nan(ind) -nan(ind) -nan(ind) -nan(ind) -nan(ind) -nan(ind) -nan(ind) -nan(ind) -nan(ind) -nan(ind) -nan(ind) -nan(ind) -nan(ind) -nan(ind) -nan(ind) -nan(ind) -nan(ind) -nan(ind)
125.59066009521484375 112.2373809814453125 104.76381683349609375 101.8087158203125 97.83928680419921875 95.00231170654296875 92.55556488037109375 87.39598846435546875 83.84407806396484375 81.7005615234375 82.21373748779296875 82.257965087890625 82.1248626708984375 82.180572509765625 87.3448486328125 94.05915069580078125 99.22788238525390625 100.006591796875 100.90572357177734375 105.8955078125 104.21175384521484375 101.6666412353515625 101.03726959228515625 97.739410400390625 93.72147369384765625 89.3659515380859375 88.81517791748046875 91.722320556640625 99.14453887939453125 -nan(ind) -nan(ind) -nan(ind) -nan(ind) -nan(ind) -nan(ind) -nan(ind) -nan(ind) -nan(ind) -nan(ind) -nan(ind) -nan(ind) -nan(ind) -nan(ind) -nan(ind) -nan(ind) -nan(ind) -nan(ind) -nan(ind) -nan(ind)
110.89553070068359375 104.76496124267578125 101.22568511962890625 99.52796173095703125 95.66260528564453125 93.05092620849609375 90.9597930908203125 86.52129364013671875 82.857086181640625 80.30825042724609375 81.37210845947265625 81.77843475341796875 81.86800384521484375 81.94396209716796875 88.695068359375 97.33685302734375 103.52178192138671875 102.7701416015625 102.43335723876953125 109.15433502197265625 108.294158935546875 106.3649444580078125 106.4134674072265625 101.9260406494140625 98.481048583984375 98.63553619384765625 98.82131195068359375 103.46028900146484375 115.034393310546875 124.23509979248046875 129.3368072509765625 129.3075714111328125 129.29241943359375 124.77359771728515625 115.14373016357421875 -nan(ind) -nan(ind) -nan(ind) -nan(ind) -nan(ind) -nan(ind) -nan(ind) -nan(ind) -nan(ind) -nan(ind) -nan(ind) -nan(ind) -nan(ind) -nan(ind)
110.66519927978515625 104.39422607421875 100.94490814208984375 99.37990570068359375 94.06552886962890625 91.798583984375 90.84082794189453125 84.50171661376953125 81.35601806640625 80.39768218994140625 81.458770751953125 83.72208404541015625 86.03913116455078125 86.233978271484375 91.01573944091796875 98.10150909423828125 106.761962890625 106.61339569091796875 106.27460479736328125 113.0014801025390625 113.95478057861328125 113.614715576171875 113.7296142578125 108.173248291015625 105.87953948974609375 111.6939239501953125 113.34688568115234375 118.40700531005859375 129.73651123046875 138.3492584228515625 146.8791961669921875 155.65521240234375 156.0944061279296875 145.321044921875 122.3331298828125 -nan(ind) -nan(ind) -nan(ind) -nan(ind) -nan(ind) -nan(ind) -nan(ind) -nan(ind) -nan(ind) -nan(ind) -nan(ind) -nan(ind) -nan(ind) -nan(ind)
112.10528564453125 105.8663787841796875 101.9036102294921875 99.54558563232421875 95.136077880859375 93.2892303466796875 92.5781707763671875 87.59995269775390625 84.03716278076171875 82.16722869873046875 85.053863525390625 87.26259613037109375 89.09265899658203125 90.6957550048828125 95.76412200927734375 102.49261474609375 110.1494293212890625 110.13536834716796875 110.16646575927734375 116.90810394287109375 118.286285400390625 118.16080474853515625 117.79511260986328125 114.95714569091796875 114.80048370361328125 120.4966278076171875 127.76897430419921875 134.52593994140625 140.1168670654296875 152.3204345703125 162.096038818359375 167.7821807861328125 169.05584716796875 162.931640625 148.68218994140625 143.06298828125 132.4934539794921875 117.02782440185546875 102.10532379150390625 94.34600830078125 92.64311981201171875 92.41497039794921875 -nan(ind) -nan(ind) -nan(ind) -nan(ind) -nan(ind) -nan(ind) -nan(ind)
112.73572540283203125 106.809722900390625 102.64420318603515625 99.8024139404296875 96.3222198486328125 94.86913299560546875 94.19968414306640625 89.3044586181640625 85.542236328125 83.53023529052734375 87.43518829345703125 89.05184173583984375 90.12134552001953125 93.41233062744140625 99.208831787109375 106.406524658203125 114.92767333984375 113.85175323486328125 113.82407379150390625 124.81612396240234375 126.1945343017578125 125.24881744384765625 124.68656158447265625 124.33730316162109375 125.70993804931640625 130.174224853515625 139.0961151123046875 146.80804443359375 151.608001708984375 166.9707489013671875 176.8760833740234375 178.15264892578125 184.3573150634765625 182.108001708984375 169.96600341796875 162.9603271484375 147.7070770263671875 124.8618011474609375 119.50328826904296875 115.16857147216796875 111.91717529296875 111.98102569580078125 103.23725128173828125 89.73210906982421875 88.992919921875 88.750701904296875 -nan(ind) -nan(ind) -nan(ind)
111.19557952880859375 105.98784637451171875 102.43511199951171875 100.0716705322265625 96.47495269775390625 95.3353118896484375 94.7631072998046875 86.2360076904296875 83.08275604248046875 83.414459228515625 86.09833526611328125 87.078033447265625 88.16915130615234375 93.03505706787109375 99.2795867919921875 107.81992340087890625 122.04010009765625 118.05243682861328125 117.053680419921875 139.608123779296875 140.8951416015625 137.9771575927734375 137.96173095703125 137.953857421875 139.3503875732421875 143.3301239013671875 145.125274658203125 151.9210662841796875 167.0153961181640625 182.8601531982421875 191.97662353515625 192.0623779296875 210.09814453125 205.346343994140625 173.6445770263671875 169.835418701171875 157.5126800537109375 136.9576416015625 129.861785888671875 121.78130340576171875 113.547393798828125 114.794158935546875 113.426971435546875 110.45803070068359375 109.65887451171875 109.685760498046875 -nan(ind) -nan(ind) -nan(ind)
