imgs/North glacier/glate_full_resized.tif
ncols        305
nrows        320
xllcorner    597500.000000000000
yllcorner    6751000.000000000000
cellsize     20.000000000000
NODATA_value  -9999
[rows 88 to 109 of 320, columns 0 to 49 of 305]
-nan(ind) -nan(ind) -nan(ind) -nan(ind) -nan(ind) -nan(ind) -nan(ind) -nan(ind) -nan(ind) -nan(ind) -nan(ind) -nan(ind) -nan(ind) -nan(ind) -nan(ind) -nan(ind) -nan(ind) -nan(ind) -nan(ind) -nan(ind) -nan(ind) -nan(ind) -nan(ind) 30.854295730590820313 41.926548004150390625 53.220745086669921875 64.0557403564453125 74.4185791015625 83.53508758544921875 91.861083984375 99.66287994384765625 107.13549041748046875 113.1331787109375 118.0645751953125 121.5536346435546875 124.317840576171875 126.33010101318359375 126.79692840576171875 125.79845428466796875 124.0025787353515625 121.38320159912109375 118.20851898193359375 114.776885986328125 111.1065521240234375 107.0887603759765625 102.9408721923828125 98.686767578125 94.9682769775390625 91.6371917724609375 88.79566192626953125
-nan(ind) -nan(ind) -nan(ind) -nan(ind) -nan(ind) -nan(ind) -nan(ind) -nan(ind) -nan(ind) -nan(ind) -nan(ind) -nan(ind) -nan(ind) -nan(ind) -nan(ind) -nan(ind) -nan(ind) -nan(ind) -nan(ind) -nan(ind) -nan(ind) -nan(ind) -nan(ind) 25.087045669555664063 35.466888427734375 46.4262237548828125 57.143268585205078125 67.573822021484375 77.04184722900390625 85.8056640625 94.1985931396484375 102.851104736328125 109.91236114501953125 115.85028076171875 120.34978485107421875 123.82158660888671875 126.37224578857421875 127.2290802001953125 126.8129425048828125 125.66064453125 123.6721954345703125 121.05966949462890625 118.12076568603515625 114.8272705078125 110.938995361328125 106.7491302490234375 102.22583770751953125 97.906829833984375 94.07828521728515625 90.99308013916015625
-nan(ind) -nan(ind) -nan(ind) -nan(ind) -nan(ind) -nan(ind) -nan(ind) -nan(ind) -nan(ind) -nan(ind) -nan(ind) -nan(ind) -nan(ind) -nan(ind) -nan(ind) -nan(ind) -nan(ind) -nan(ind) -nan(ind) -nan(ind) -nan(ind) -nan(ind) -nan(ind) -nan(ind) 29.145788192749023438 39.67542266845703125 50.193607330322265625 60.623443603515625 70.3973541259765625 79.43172454833984375 88.15406036376953125 97.5947265625 105.6033782958984375 112.5870819091796875 118.21532440185546875 122.4716644287109375 125.667724609375 127.18355560302734375 127.5032196044921875 127.09747314453125 125.81247711181640625 123.83431243896484375 121.45931243896484375 118.6116485595703125 114.95378875732421875 110.82636260986328125 106.13177490234375 101.28973388671875 96.937591552734375 93.4196014404296875
-nan(ind) -nan(ind) -nan(ind) -nan(ind) -nan(ind) -nan(ind) -nan(ind) -nan(ind) -nan(ind) -nan(ind) -nan(ind) -nan(ind) -nan(ind) -nan(ind) -nan(ind) -nan(ind) -nan(ind) -nan(ind) -nan(ind) -nan(ind) -nan(ind) -nan(ind) -nan(ind) -nan(ind) 23.047506332397460938 32.989604949951171875 43.204441070556640625 53.58586883544921875 63.778690338134765625 73.16717529296875 82.13397216796875 91.4083251953125 99.98492431640625 107.96038055419921875 114.83277130126953125 119.98258209228515625 123.958465576171875 126.3644866943359375 127.56317138671875 128.011016845703125 127.519561767578125 126.276031494140625 124.5706634521484375 122.2806854248046875 119.0219573974609375 115.16408538818359375 110.55565643310546875 105.52117156982421875 100.69474029541015625 96.3173675537109375
-nan(ind) -nan(ind) -nan(ind) -nan(ind) -nan(ind) -nan(ind) -nan(ind) -nan(ind) -nan(ind) -nan(ind) -nan(ind) -nan(ind) -nan(ind) -nan(ind) -nan(ind) -nan(ind) -nan(ind) -nan(ind) -nan(ind) -nan(ind) -nan(ind) -nan(ind) -nan(ind) -nan(ind) 17.4648590087890625 26.458944320678710938 36.059467315673828125 46.09506988525390625 56.2390594482421875 65.7972259521484375 74.995758056640625 84.1161041259765625 93.1797637939453125 102.06287384033203125 110.283294677734375 116.49575042724609375 121.42119598388671875 124.79592132568359375 126.931671142578125 128.2935028076171875 128.6819305419921875 128.2408447265625 127.27536773681640625 125.63068389892578125 122.88512420654296875 119.44818115234375 115.13806915283203125 110.25146484375 105.39044952392578125 100.72137451171875
-nan(ind) -nan(ind) -nan(ind) -nan(ind) -nan(ind) -nan(ind) -nan(ind) -nan(ind) -nan(ind) -nan(ind) -nan(ind) -nan(ind) -nan(ind) -nan(ind) -nan(ind) -nan(ind) -nan(ind) -nan(ind) -nan(ind) -nan(ind) -nan(ind) -nan(ind) -nan(ind) -nan(ind) -nan(ind) -nan(ind) 28.953418731689453125 38.47463226318359375 48.394603729248046875 57.98690032958984375 67.301177978515625 76.12957763671875 85.5063934326171875 95.1320343017578125 104.6515350341796875 112.0861663818359375 118.17279815673828125 122.60921478271484375 125.7342529296875 128.04620361328125 129.3447113037109375 129.736663818359375 129.54302978515625 128.578399658203125 126.4099578857421875 123.49243927001953125 119.633453369140625 115.112335205078125 110.49371337890625 105.88941192626953125
-nan(ind) -nan(ind) -nan(ind) -nan(ind) -nan(ind) -nan(ind) -nan(ind) -nan(ind) -nan(ind) -nan(ind) -nan(ind) -nan(ind) -nan(ind) -nan(ind) -nan(ind) -nan(ind) -nan(ind) -nan(ind) -nan(ind) -nan(ind) -nan(ind) -nan(ind) -nan(ind) -nan(ind) -nan(ind) -nan(ind) 22.0117034912109375 30.8699798583984375 40.5034637451171875 49.978702545166015625 59.19538116455078125 67.46218109130859375 76.86801910400390625 86.9706268310546875 97.6358795166015625 106.498291015625 114.050567626953125 119.680206298828125 123.860260009765625 127.15608978271484375 129.3721923828125 130.616180419921875 131.2144775390625 130.945281982421875 129.409637451171875 127.111328125 123.87137603759765625 119.932769775390625 115.82898712158203125 111.63909149169921875
-nan(ind) -nan(ind) -nan(ind) -nan(ind) -nan(ind) -nan(ind) -nan(ind) -nan(ind) -nan(ind) -nan(ind) -nan(ind) -nan(ind) -nan(ind) -nan(ind) -nan(ind) -nan(ind) -nan(ind) -nan(ind) -nan(ind) -nan(ind) -nan(ind) -nan(ind) -nan(ind) -nan(ind) -nan(ind) -nan(ind) -nan(ind) 23.869752883911132813 32.831493377685546875 41.75624847412109375 50.563446044921875 58.819976806640625 67.84944915771484375 77.65367889404296875 89.15332794189453125 99.73247528076171875 109.08587646484375 115.54766845703125 120.5492401123046875 124.6721649169921875 127.7409820556640625 129.8260650634765625 131.244415283203125 131.754302978515625 130.98345947265625 129.4409332275390625 126.94533538818359375 123.69966888427734375 120.11824798583984375 116.18709564208984375
-nan(ind) -nan(ind) -nan(ind) -nan(ind) -nan(ind) -nan(ind) -nan(ind) -nan(ind) -nan(ind) -nan(ind) -nan(ind) -nan(ind) -nan(ind) -nan(ind) -nan(ind) -nan(ind) -nan(ind) -nan(ind) -nan(ind) -nan(ind) -nan(ind) -nan(ind) -nan(ind) -nan(ind) -nan(ind) -nan(ind) -nan(ind) 17.620147705078125 25.753618240356445313 34.025470733642578125 42.33980560302734375 50.428256988525390625 59.0027008056640625 68.35396575927734375 80.03148651123046875 91.52407073974609375 102.10471343994140625 109.8210601806640625 115.79400634765625 120.79442596435546875 124.7490081787109375 127.74852752685546875 130.081817626953125 131.4896697998046875 131.5853271484375 130.8902740478515625 129.2186126708984375 126.70319366455078125 123.68282318115234375 120.062347412109375
-nan(ind) -nan(ind) -nan(ind) -nan(ind) -nan(ind) -nan(ind) -nan(ind) -nan(ind) -nan(ind) -nan(ind) -nan(ind) -nan(ind) -nan(ind) -nan(ind) -nan(ind) -nan(ind) -nan(ind) -nan(ind) -nan(ind) -nan(ind) -nan(ind) -nan(ind) -nan(ind) -nan(ind) -nan(ind) -nan(ind) -nan(ind) -nan(ind) -nan(ind) 26.918466567993164063 34.688232421875 42.41730499267578125 50.516643524169921875 59.33496856689453125 70.47881317138671875 81.98548126220703125 93.11820220947265625 102.45076751708984375 109.5362091064453125 115.4750518798828125 120.36309051513671875 124.36739349365234375 127.72747802734375 130.1675567626953125 131.23992919921875 131.4852447509765625 130.7070159912109375 128.9385833740234375 126.51688385009765625 123.29235076904296875
-nan(ind) -nan(ind) -nan(ind) -nan(ind) -nan(ind) -nan(ind) -nan(ind) -nan(ind) -nan(ind) -nan(ind) -nan(ind) -nan(ind) -nan(ind) -nan(ind) -nan(ind) -nan(ind) -nan(ind) -nan(ind) -nan(ind) -nan(ind) -nan(ind) -nan(ind) -nan(ind) -nan(ind) -nan(ind) -nan(ind) -nan(ind) -nan(ind) -nan(ind) 21.163518905639648438 28.452426910400390625 35.976383209228515625 43.889736175537109375 52.284664154052734375 61.93077850341796875 72.6015777587890625 83.420989990234375 93.28867340087890625 101.14951324462890625 107.9947662353515625 113.92498016357421875 119.12488555908203125 123.741058349609375 127.47906494140625 129.7615509033203125 131.09814453125 131.2191619873046875 130.06414794921875 128.23583984375 125.64681243896484375
-nan(ind) -nan(ind) -nan(ind) -nan(ind) -nan(ind) -nan(ind) -nan(ind) -nan(ind) -nan(ind) -nan(ind) -nan(ind) -nan(ind) -nan(ind) -nan(ind) -nan(ind) -nan(ind) -nan(ind) -nan(ind) -nan(ind) -nan(ind) -nan(ind) -nan(ind) -nan(ind) -nan(ind) -nan(ind) -nan(ind) -nan(ind) -nan(ind) -nan(ind) 16.34096527099609375 23.106052398681640625 30.376989364624023438 38.051860809326171875 46.10400390625 54.9219970703125 64.52365875244140625 74.39998626708984375 84.1007080078125 92.3681182861328125 99.86940765380859375 106.60385894775390625 112.988616943359375 118.9496917724609375 124.1592559814453125 127.81174468994140625 130.339935302734375 131.3516845703125 130.8258819580078125 129.5898284912109375 127.60118865966796875
-nan(ind) -nan(ind) -nan(ind) -nan(ind) -nan(ind) -nan(ind) -nan(ind) -nan(ind) -nan(ind) -nan(ind) -nan(ind) -nan(ind) -nan(ind) -nan(ind) -nan(ind) -nan(ind) -nan(ind) -nan(ind) -nan(ind) -nan(ind) -nan(ind) -nan(ind) -nan(ind) -nan(ind) -nan(ind) -nan(ind) -nan(ind) -nan(ind) -nan(ind) -nan(ind) 18.429040908813476563 25.398061752319335938 32.786182403564453125 40.5229339599609375 48.868053436279296875 57.43498992919921875 66.1743621826171875 75.18881988525390625 83.45755767822265625 91.283905029296875 98.58954620361328125 106.11823272705078125 113.47440338134765625 120.29343414306640625 125.47088623046875 129.28497314453125 131.158050537109375 131.25164794921875 130.593597412109375 129.1788177490234375
-nan(ind) -nan(ind) -nan(ind) -nan(ind) -nan(ind) -nan(ind) -nan(ind) -nan(ind) -nan(ind) -nan(ind) -nan(ind) -nan(ind) -nan(ind) -nan(ind) -nan(ind) -nan(ind) -nan(ind) -nan(ind) -nan(ind) -nan(ind) -nan(ind) -nan(ind) -nan(ind) -nan(ind) -nan(ind) -nan(ind) -nan(ind) -nan(ind) -nan(ind) -nan(ind) 14.415864944458007813 21.004999160766601563 28.038393020629882813 35.41062164306640625 43.294094085693359375 51.342098236083984375 59.39476776123046875 67.22876739501953125 74.80405426025390625 82.300140380859375 89.82205963134765625 98.3787078857421875 107.1415863037109375 115.72345733642578125 122.65904998779296875 127.89566802978515625 130.548248291015625 131.2016143798828125 131.076751708984375 130.209259033203125
-nan(ind) -nan(ind) -nan(ind) -nan(ind) -nan(ind) -nan(ind) -nan(ind) -nan(ind) -nan(ind) -nan(ind) -nan(ind) -nan(ind) -nan(ind) -nan(ind) -nan(ind) -nan(ind) -nan(ind) -nan(ind) -nan(ind) -nan(ind) -nan(ind) -nan(ind) -nan(ind) -nan(ind) -nan(ind) -nan(ind) -nan(ind) -nan(ind) -nan(ind) -nan(ind) 11.004896163940429688 17.065128326416015625 23.647426605224609375 30.579545974731445313 37.90206146240234375 45.376667022705078125 52.850833892822265625 60.106536865234375 67.04498291015625 74.07103729248046875 81.64234161376953125 90.646728515625 100.26544952392578125 110.3881072998046875 119.07318878173828125 125.71743011474609375 129.034210205078125 130.2523040771484375 130.699951171875 130.44354248046875
-nan(ind) -nan(ind) -nan(ind) -nan(ind) -nan(ind) -nan(ind) -nan(ind) -nan(ind) -nan(ind) -nan(ind) -nan(ind) -nan(ind) -nan(ind) -nan(ind) -nan(ind) -nan(ind) -nan(ind) -nan(ind) -nan(ind) -nan(ind) -nan(ind) -nan(ind) -nan(ind) -nan(ind) -nan(ind) -nan(ind) -nan(ind) -nan(ind) -nan(ind) -nan(ind) -nan(ind) -nan(ind) 19.500494003295898438 25.962564468383789063 32.738037109375 39.654621124267578125 46.600986480712890625 53.448192596435546875 59.953746795654296875 66.57843017578125 73.85915374755859375 82.85402679443359375 92.90802001953125 104.30937957763671875 114.601531982421875 122.55593109130859375 126.47629547119140625 128.3701629638671875 129.5249786376953125 130.0079193115234375
-nan(ind) -nan(ind) -nan(ind) -nan(ind) -nan(ind) -nan(ind) -nan(ind) -nan(ind) -nan(ind) -nan(ind) -nan(ind) -nan(ind) -nan(ind) -nan(ind) -nan(ind) -nan(ind) -nan(ind) -nan(ind) -nan(ind) -nan(ind) -nan(ind) -nan(ind) -nan(ind) -nan(ind) -nan(ind) -nan(ind) -nan(ind) -nan(ind) -nan(ind) -nan(ind) -nan(ind) -nan(ind) 15.6064605712890625 21.5791015625 27.865724563598632813 34.2683868408203125 40.7270355224609375 47.212200164794921875 53.584667205810546875 59.967006683349609375 66.4840087890625 74.963134765625 84.99311065673828125 97.34256744384765625 109.02115631103515625 118.13802337646484375 122.60894775390625 125.351226806640625 127.41042327880859375 128.8109588623046875
-nan(ind) -nan(ind) -nan(ind) -nan(ind) -nan(ind) -nan(ind) -nan(ind) -nan(ind) -nan(ind) -nan(ind) -nan(ind) -nan(ind) -nan(ind) -nan(ind) -nan(ind) -nan(ind) -nan(ind) -nan(ind) -nan(ind) -nan(ind) -nan(ind) -nan(ind) -nan(ind) -nan(ind) -nan(ind) -nan(ind) -nan(ind) -nan(ind) -nan(ind) -nan(ind) -nan(ind) -nan(ind) 12.313937187194824219 17.773050308227539063 23.652957916259765625 29.636953353881835938 35.691986083984375 41.8422088623046875 47.9999542236328125 54.25463104248046875 60.771678924560546875 68.68743896484375 77.86115264892578125 89.038299560546875 99.9577178955078125 109.17913055419921875 115.24364471435546875 119.7961273193359375 123.52899169921875 126.324951171875
-nan(ind) -nan(ind) -nan(ind) -nan(ind) -nan(ind) -nan(ind) -nan(ind) -nan(ind) -nan(ind) -nan(ind) -nan(ind) -nan(ind) -nan(ind) -nan(ind) -nan(ind) -nan(ind) -nan(ind) -nan(ind) -nan(ind) -nan(ind) -nan(ind) -nan(ind) -nan(ind) -nan(ind) -nan(ind) -nan(ind) -nan(ind) -nan(ind) -nan(ind) -nan(ind) -nan(ind) -nan(ind) -nan(ind) 14.261010169982910156 19.746486663818359375 25.355892181396484375 31.056226730346679688 36.891681671142578125 42.829204559326171875 48.9300537109375 55.38793182373046875 62.830501556396484375 71.19260406494140625 81.0430450439453125 90.83838653564453125 99.80785369873046875 107.21274566650390625 113.684356689453125 119.2219085693359375 123.48575592041015625
-nan(ind) -nan(ind) -nan(ind) -nan(ind) -nan(ind) -nan(ind) -nan(ind) -nan(ind) -nan(ind) -nan(ind) -nan(ind) -nan(ind) -nan(ind) -nan(ind) -nan(ind) -nan(ind) -nan(ind) -nan(ind) -nan(ind) -nan(ind) -nan(ind) -nan(ind) -nan(ind) -nan(ind) -nan(ind) -nan(ind) -nan(ind) -nan(ind) -nan(ind) -nan(ind) -nan(ind) -nan(ind) -nan(ind) 11.048949241638183594 16.143169403076171875 21.415498733520507813 26.805948257446289063 32.347503662109375 38.0628204345703125 43.980884552001953125 50.297397613525390625 57.346454620361328125 64.98284149169921875 73.50435638427734375 82.02150726318359375 90.4913330078125 98.8719329833984375 107.28511810302734375 114.6818084716796875 120.41900634765625
-nan(ind) -nan(ind) -nan(ind) -nan(ind) -nan(ind) -nan(ind) -nan(ind) -nan(ind) -nan(ind) -nan(ind) -nan(ind) -nan(ind) -nan(ind) -nan(ind) -nan(ind) -nan(ind) -nan(ind) -nan(ind) -nan(ind) -nan(ind) -nan(ind) -nan(ind) -nan(ind) -nan(ind) -nan(ind) -nan(ind) -nan(ind) -nan(ind) -nan(ind) -nan(ind) -nan(ind) -nan(ind) -nan(ind) 8.344120025634765625 13.013098716735839844 17.972629547119140625 23.09848785400390625 28.380443572998046875 33.875446319580078125 39.583797454833984375 45.6827239990234375 52.3586883544921875 59.445465087890625 67.11046600341796875 74.99083709716796875 83.105255126953125 91.580291748046875 101.641021728515625 110.65995025634765625 117.573272705078125
-nan(ind) -nan(ind) -nan(ind) -nan(ind) -nan(ind) -nan(ind) -nan(ind) -nan(ind) -nan(ind) -nan(ind) -nan(ind) -nan(ind) -nan(ind) -nan(ind) -nan(ind) -nan(ind) -nan(ind) -nan(ind) -nan(ind) -nan(ind) -nan(ind) -nan(ind) -nan(ind) -nan(ind) -nan(ind) -nan(ind) -nan(ind) -nan(ind) -nan(ind) -nan(ind) -nan(ind) -nan(ind) -nan(ind) -nan(ind) -nan(ind) 14.870280265808105469 19.749546051025390625 24.820810317993164063 30.125156402587890625 35.6483612060546875 41.558406829833984375 47.9681243896484375 54.72283172607421875 61.953582763671875 69.63251495361328125 77.73780059814453125 86.4769439697265625 96.74622344970703125 106.16457366943359375 113.8018035888671875
