imgs/North glacier/glate_unconstrained_hat_resized.tif
ncols        305
nrows        320
xllcorner    597500.000000000000
yllcorner    6751000.000000000000
cellsize     20.000000000000
NODATA_value  -9999
[rows 264 to 285 of 320, columns 196 to 244 of 305]
-nan(ind) -nan(ind) -nan(ind) -nan(ind) -nan(ind) -nan(ind) -nan(ind) -nan(ind) -nan(ind) -nan(ind) -nan(ind) -nan(ind) 20.4515228271484375 20.100595474243164063 19.8872833251953125 19.799350738525390625 19.827152252197265625 19.8262939453125 19.888885498046875 19.997762680053710938 20.052350997924804688 20.229217529296875 20.463245391845703125 20.493865966796875 20.935834884643554688 21.538537979125976563 21.71332550048828125 22.427371978759765625 23.556726455688476563 25.328798294067382813 27.748746871948242188 31.017259597778320313 36.2389678955078125 39.033969879150390625 42.815586090087890625 51.46521759033203125 60.659698486328125 68.36139678955078125 72.3860931396484375 78.996856689453125 84.23488616943359375 85.87792205810546875 85.21192169189453125 84.785003662109375 85.3045196533203125 85.36339569091796875 85.354217529296875 85.31810760498046875 85.349212646484375
-nan(ind) -nan(ind) -nan(ind) -nan(ind) -nan(ind) -nan(ind) -nan(ind) -nan(ind) -nan(ind) -nan(ind) -nan(ind) -nan(ind) 20.770168304443359375 20.456678390502929688 20.04407501220703125 19.848218917846679688 19.854534149169921875 19.846506118774414063 19.882673263549804688 19.951751708984375 19.991252899169921875 20.107530593872070313 20.255208969116210938 20.240314483642578125 20.689645767211914063 21.33771514892578125 21.598947525024414063 22.297739028930664063 23.376035690307617188 25.15503692626953125 27.171344757080078125 29.96251678466796875 35.01735687255859375 37.894214630126953125 41.13834381103515625 47.3463592529296875 55.25220489501953125 62.664997100830078125 67.95146942138671875 75.81850433349609375 81.83222198486328125 83.34918212890625 82.941925048828125 83.0569610595703125 84.4746856689453125 84.18747711181640625 83.87526702880859375 83.7706146240234375 84.3544921875
-nan(ind) -nan(ind) -nan(ind) -nan(ind) -nan(ind) -nan(ind) -nan(ind) -nan(ind) -nan(ind) -nan(ind) -nan(ind) -nan(ind) 20.892276763916015625 20.531229019165039063 20.150684356689453125 19.947908401489257813 19.911764144897460938 19.889400482177734375 19.895814895629882813 19.924493789672851563 19.944162368774414063 19.99295806884765625 20.060590744018554688 20.120302200317382813 20.268253326416015625 20.553730010986328125 21.318197250366210938 21.90065765380859375 22.691854476928710938 24.736627578735351563 25.950696945190429688 27.866827011108398438 33.25098419189453125 36.57700347900390625 39.12435150146484375 41.420047760009765625 47.24597930908203125 53.610065460205078125 59.061061859130859375 66.788665771484375 73.085601806640625 75.7997589111328125 77.22624969482421875 78.93389892578125 81.4044952392578125 79.534210205078125 78.04120635986328125 77.67376708984375 80.33267974853515625
-nan(ind) -nan(ind) -nan(ind) -nan(ind) -nan(ind) -nan(ind) -nan(ind) -nan(ind) -nan(ind) -nan(ind) -nan(ind) -nan(ind) -nan(ind) -nan(ind) 20.423387527465820313 20.14078521728515625 19.983263015747070313 19.936361312866210938 19.925580978393554688 19.9434814453125 19.959136962890625 19.989664077758789063 20.033784866333007813 20.104745864868164063 20.201810836791992188 20.408479690551757813 21.138605117797851563 21.625518798828125 22.204021453857421875 23.668058395385742188 25.0750885009765625 27.045013427734375 30.970211029052734375 34.458621978759765625 37.483623504638671875 39.646472930908203125 43.798587799072265625 49.306209564208984375 56.6604766845703125 61.7193603515625 66.76177215576171875 72.672119140625 74.88165283203125 76.6638946533203125 78.67345428466796875 80.10137939453125 81.3789825439453125 82.53534698486328125 85.608978271484375
-nan(ind) -nan(ind) -nan(ind) -nan(ind) -nan(ind) -nan(ind) -nan(ind) -nan(ind) -nan(ind) -nan(ind) -nan(ind) -nan(ind) -nan(ind) -nan(ind) 20.897607803344726563 20.379533767700195313 20.045644760131835938 19.972963333129882813 19.946645736694335938 19.95798492431640625 19.9767913818359375 20.035755157470703125 20.118419647216796875 20.172536849975585938 20.26914215087890625 20.463331222534179688 21.061891555786132813 21.480258941650390625 21.925104141235351563 22.851598739624023438 24.49935150146484375 26.6090850830078125 29.28275299072265625 32.907012939453125 36.334728240966796875 38.370037078857421875 41.915920257568359375 47.38860321044921875 56.27739715576171875 59.755886077880859375 64.10950469970703125 72.2281036376953125 75.11022186279296875 77.41359710693359375 80.07973480224609375 83.07312774658203125 85.8047943115234375 88.135650634765625 90.974365234375
-nan(ind) -nan(ind) -nan(ind) -nan(ind) -nan(ind) -nan(ind) -nan(ind) -nan(ind) -nan(ind) -nan(ind) -nan(ind) -nan(ind) -nan(ind) -nan(ind) 21.612905502319335938 20.657297134399414063 20.090883255004882813 19.993566513061523438 19.950490951538085938 19.952823638916015625 19.980501174926757813 20.120708465576171875 20.314605712890625 20.329790115356445313 20.426408767700195313 20.621828079223632813 21.103563308715820313 21.486110687255859375 21.889192581176757813 22.582529067993164063 24.254312515258789063 26.360958099365234375 28.592550277709960938 32.39678955078125 35.78340911865234375 36.6160125732421875 40.968578338623046875 47.528018951416015625 56.92501068115234375 61.106678009033203125 66.02240753173828125 74.36141204833984375 78.05892181396484375 81.95794677734375 87.31528472900390625 87.993682861328125 89.1615447998046875 91.654693603515625 93.80359649658203125
-nan(ind) -nan(ind) -nan(ind) -nan(ind) -nan(ind) -nan(ind) -nan(ind) -nan(ind) -nan(ind) -nan(ind) -nan(ind) -nan(ind) -nan(ind) -nan(ind) -nan(ind) 21.412410736083984375 20.70996856689453125 20.269834518432617188 20.042621612548828125 19.99114990234375 20.008541107177734375 20.0715484619140625 20.161014556884765625 20.214488983154296875 20.31378936767578125 20.48879241943359375 20.936277389526367188 21.389711380004882813 22.033191680908203125 23.465419769287109375 24.847097396850585938 26.400859832763671875 28.597164154052734375 31.2859954833984375 33.879940032958984375 35.77120208740234375 39.77155303955078125 46.047161102294921875 56.161251068115234375 59.511890411376953125 63.73439788818359375 72.24570465087890625 75.41980743408203125 80.45444488525390625 89.75753021240234375 91.99742889404296875 94.73011016845703125 99.13013458251953125 101.7552490234375
-nan(ind) -nan(ind) -nan(ind) -nan(ind) -nan(ind) -nan(ind) -nan(ind) -nan(ind) -nan(ind) -nan(ind) -nan(ind) -nan(ind) -nan(ind) -nan(ind) -nan(ind) 22.464433670043945313 21.446292877197265625 20.783935546875 20.335235595703125 20.079114913940429688 20.091665267944335938 20.100122451782226563 20.111799240112304688 20.170099258422851563 20.257856369018554688 20.395975112915039063 20.718637466430664063 21.16339874267578125 21.850982666015625 23.311170578002929688 24.7700653076171875 26.399675369262695313 28.60050201416015625 30.753385543823242188 32.875244140625 34.956081390380859375 37.863361358642578125 42.614959716796875 51.008571624755859375 54.62789154052734375 59.252899169921875 67.63935089111328125 71.83435821533203125 76.7943878173828125 83.99896240234375 88.05973052978515625 92.54860687255859375 98.062255859375 102.655303955078125
-nan(ind) -nan(ind) -nan(ind) -nan(ind) -nan(ind) -nan(ind) -nan(ind) -nan(ind) -nan(ind) -nan(ind) -nan(ind) -nan(ind) -nan(ind) -nan(ind) -nan(ind) -nan(ind) 22.483034133911132813 21.64966583251953125 20.902296066284179688 20.272409439086914063 20.24208831787109375 20.203069686889648438 20.167407989501953125 20.203851699829101563 20.266448974609375 20.35501861572265625 20.503643035888671875 20.885755538940429688 21.480607986450195313 22.492481231689453125 24.233001708984375 26.319793701171875 28.574438095092773438 30.672588348388671875 32.65094757080078125 34.44570159912109375 36.124362945556640625 38.8831634521484375 44.13539886474609375 48.92629241943359375 54.72759246826171875 62.610034942626953125 68.52967071533203125 72.67865753173828125 74.49147796630859375 80.54457855224609375 86.8442840576171875 92.87743377685546875 99.94690704345703125
-nan(ind) -nan(ind) -nan(ind) -nan(ind) -nan(ind) -nan(ind) -nan(ind) -nan(ind) -nan(ind) -nan(ind) -nan(ind) -nan(ind) -nan(ind) -nan(ind) -nan(ind) -nan(ind) 24.797336578369140625 23.53388214111328125 22.191349029541015625 20.866968154907226563 20.542901992797851563 20.387617111206054688 20.353338241577148438 20.365406036376953125 20.386735916137695313 20.42425537109375 20.521778106689453125 20.8873138427734375 21.482412338256835938 22.49452972412109375 24.047637939453125 25.974531173706054688 28.415365219116210938 30.618526458740234375 32.909271240234375 35.6520538330078125 38.595989227294921875 42.132785797119140625 46.8790435791015625 53.13028717041015625 59.664241790771484375 66.14044952392578125 70.889892578125 75.3240509033203125 79.67977142333984375 87.76323699951171875 95.48981475830078125 102.2051239013671875 108.0657196044921875
-nan(ind) -nan(ind) -nan(ind) -nan(ind) -nan(ind) -nan(ind) -nan(ind) -nan(ind) -nan(ind) -nan(ind) -nan(ind) -nan(ind) -nan(ind) -nan(ind) -nan(ind) -nan(ind) -nan(ind) -nan(ind) 23.2514190673828125 21.36934661865234375 20.734861373901367188 20.464246749877929688 20.442232131958007813 20.424835205078125 20.430376052856445313 20.457424163818359375 20.530078887939453125 21.075420379638671875 21.843168258666992188 22.577329635620117188 24.081998825073242188 26.040945053100585938 28.4714202880859375 30.711076736450195313 33.11100006103515625 36.117706298828125 39.345096588134765625 43.038318634033203125 47.644214630126953125 53.939083099365234375 60.543041229248046875 67.06681060791015625 71.54988861083984375 76.65390777587890625 83.24603271484375 90.74039459228515625 97.9981231689453125 104.8075103759765625 110.3268890380859375
-nan(ind) -nan(ind) -nan(ind) -nan(ind) -nan(ind) -nan(ind) -nan(ind) -nan(ind) -nan(ind) -nan(ind) -nan(ind) -nan(ind) -nan(ind) -nan(ind) -nan(ind) -nan(ind) -nan(ind) -nan(ind) 24.349445343017578125 22.047239303588867188 21.053680419921875 20.578908920288085938 20.464300155639648438 20.400758743286132813 20.387914657592773438 20.414682388305664063 20.4983978271484375 21.170972824096679688 22.055833816528320313 22.62581634521484375 24.192861557006835938 26.263233184814453125 28.661785125732421875 31.05719757080078125 33.548427581787109375 36.302036285400390625 39.351222991943359375 42.872524261474609375 47.27561187744140625 52.606777191162109375 58.5890350341796875 65.43242645263671875 70.54113006591796875 76.13031005859375 82.90908050537109375 89.1480560302734375 95.13120269775390625 100.84421539306640625 106.48868560791015625
-nan(ind) -nan(ind) -nan(ind) -nan(ind) -nan(ind) -nan(ind) -nan(ind) -nan(ind) -nan(ind) -nan(ind) -nan(ind) -nan(ind) -nan(ind) -nan(ind) -nan(ind) -nan(ind) -nan(ind) -nan(ind) 25.741525650024414063 23.217390060424804688 21.766193389892578125 20.87915802001953125 20.417522430419921875 20.273487091064453125 20.213329315185546875 20.2271881103515625 20.382257461547851563 20.883152008056640625 21.60082244873046875 22.52176666259765625 24.285047531127929688 26.479772567749023438 28.972478866577148438 31.863412857055664063 34.58658599853515625 36.49468231201171875 39.169567108154296875 42.310619354248046875 46.037078857421875 49.325531005859375 53.666812896728515625 60.159915924072265625 67.164459228515625 72.462615966796875 74.9203033447265625 80.700042724609375 85.2298431396484375 87.59654998779296875 93.67548370361328125
-nan(ind) -nan(ind) -nan(ind) -nan(ind) -nan(ind) -nan(ind) -nan(ind) -nan(ind) -nan(ind) -nan(ind) -nan(ind) -nan(ind) -nan(ind) -nan(ind) -nan(ind) -nan(ind) -nan(ind) -nan(ind) 26.523834228515625 24.957132339477539063 23.02558135986328125 21.718194961547851563 20.895372390747070313 20.532117843627929688 20.251819610595703125 20.092847824096679688 20.340147018432617188 20.847398757934570313 21.516460418701171875 22.333501815795898438 23.95040130615234375 26.097475051879882813 28.929529190063476563 31.9630889892578125 34.858112335205078125 37.1950836181640625 39.70897674560546875 42.529056549072265625 45.929897308349609375 48.306880950927734375 51.6952362060546875 57.38687896728515625 62.288089752197265625 67.16561126708984375 72.19910430908203125 76.5521087646484375 80.2552337646484375 83.174560546875 86.4860076904296875
-nan(ind) -nan(ind) -nan(ind) -nan(ind) -nan(ind) -nan(ind) -nan(ind) -nan(ind) -nan(ind) -nan(ind) -nan(ind) -nan(ind) -nan(ind) -nan(ind) -nan(ind) -nan(ind) -nan(ind) -nan(ind) -nan(ind) 26.047254562377929688 23.781461715698242188 22.261762619018554688 21.318666458129882813 20.90457916259765625 20.486438751220703125 20.162050247192382813 20.370035171508789063 20.906881332397460938 21.583530426025390625 22.173852920532226563 23.468753814697265625 25.424867630004882813 28.632322311401367188 31.730176925659179688 34.748931884765625 37.651947021484375 40.26795196533203125 43.091571807861328125 46.553447723388671875 49.45388031005859375 52.86846160888671875 57.4699859619140625 62.1831512451171875 67.2196197509765625 72.74303436279296875 76.218841552734375 79.30702972412109375 82.16016387939453125 83.7225341796875
-nan(ind) -nan(ind) -nan(ind) -nan(ind) -nan(ind) -nan(ind) -nan(ind) -nan(ind) -nan(ind) -nan(ind) -nan(ind) -nan(ind) -nan(ind) -nan(ind) -nan(ind) -nan(ind) -nan(ind) -nan(ind) -nan(ind) 26.256923675537109375 23.857862472534179688 22.372243881225585938 21.579563140869140625 21.333482742309570313 20.90956878662109375 20.465312957763671875 20.478328704833984375 21.034219741821289063 21.755901336669921875 22.061197280883789063 22.899812698364257813 24.53098297119140625 28.0838623046875 31.203283309936523438 34.298694610595703125 37.720417022705078125 40.71150970458984375 43.9077606201171875 47.823040008544921875 52.71269989013671875 57.17607879638671875 60.455966949462890625 67.8407440185546875 73.72826385498046875 76.2272186279296875 79.6483154296875 82.29688262939453125 83.7686767578125 85.3002777099609375
-nan(ind) -nan(ind) -nan(ind) -nan(ind) -nan(ind) -nan(ind) -nan(ind) -nan(ind) -nan(ind) -nan(ind) -nan(ind) -nan(ind) -nan(ind) -nan(ind) -nan(ind) -nan(ind) -nan(ind) -nan(ind) -nan(ind) 26.197055816650390625 24.319318771362304688 22.76399993896484375 21.55368804931640625 21.316396713256835938 21.030241012573242188 20.758356094360351563 20.722169876098632813 21.045007705688476563 21.522308349609375 21.913143157958984375 22.834234237670898438 24.391820907592773438 27.354555130004882813 30.268293380737304688 33.453090667724609375 37.416835784912109375 40.609683990478515625 43.921009063720703125 47.96124267578125 53.075164794921875 57.626071929931640625 60.6974029541015625 68.00351715087890625 74.100250244140625 77.23461151123046875 80.73847198486328125 83.71675872802734375 85.93096160888671875 86.51345062255859375
-nan(ind) -nan(ind) -nan(ind) -nan(ind) -nan(ind) -nan(ind) -nan(ind) -nan(ind) -nan(ind) -nan(ind) -nan(ind) -nan(ind) -nan(ind) -nan(ind) -nan(ind) -nan(ind) -nan(ind) -nan(ind) -nan(ind) 25.938472747802734375 24.850568771362304688 23.319379806518554688 21.65792083740234375 21.331541061401367188 21.075958251953125 20.8742523193359375 20.744150161743164063 20.9293670654296875 21.28449249267578125 21.708063125610351563 22.43190765380859375 23.781658172607421875 26.812854766845703125 29.594839096069335938 32.684894561767578125 36.83521270751953125 40.429210662841796875 44.022247314453125 47.947277069091796875 52.15987396240234375 56.297763824462890625 60.182464599609375 64.98267364501953125 69.68924713134765625 74.02233123779296875 77.03383636474609375 79.75580596923828125 82.27277374267578125 82.5257110595703125
-nan(ind) -nan(ind) -nan(ind) -nan(ind) -nan(ind) -nan(ind) -nan(ind) -nan(ind) -nan(ind) -nan(ind) -nan(ind) -nan(ind) -nan(ind) -nan(ind) -nan(ind) -nan(ind) -nan(ind) -nan(ind) 25.755603790283203125 25.600847244262695313 25.308040618896484375 23.895505905151367188 21.910732269287109375 21.409252166748046875 21.099447250366210938 20.893733978271484375 20.650455474853515625 20.74407958984375 21.026872634887695313 21.414972305297851563 21.858842849731445313 22.9388275146484375 26.065683364868164063 28.756048202514648438 31.70478057861328125 35.748271942138671875 39.968994140625 43.985347747802734375 47.436614990234375 50.55290985107421875 54.20043182373046875 58.97830963134765625 60.686676025390625 63.58568572998046875 69.13146209716796875 71.2051544189453125 73.11374664306640625 75.2903594970703125 75.65679168701171875
-nan(ind) -nan(ind) -nan(ind) -nan(ind) -nan(ind) -nan(ind) -nan(ind) -nan(ind) -nan(ind) -nan(ind) -nan(ind) -nan(ind) -nan(ind) -nan(ind) -nan(ind) -nan(ind) -nan(ind) -nan(ind) 26.023029327392578125 25.466823577880859375 25.25797271728515625 24.113590240478515625 22.446012496948242188 21.667575836181640625 21.232301712036132813 20.98326873779296875 20.6663055419921875 20.605213165283203125 20.69574737548828125 20.899799346923828125 21.472795486450195313 22.38397216796875 23.923532485961914063 26.492612838745117188 29.60317230224609375 33.251251220703125 38.5224456787109375 43.11479949951171875 45.208866119384765625 49.4674530029296875 53.6602325439453125 56.881450653076171875 59.61458587646484375 63.28417205810546875 68.56328582763671875 69.3578948974609375 69.66249847412109375 69.93849945068359375 70.62792205810546875
-nan(ind) -nan(ind) -nan(ind) -nan(ind) -nan(ind) -nan(ind) -nan(ind) -nan(ind) 19.73372650146484375 19.700206756591796875 19.633907318115234375 19.553462982177734375 19.55194091796875 19.637212753295898438 21.165363311767578125 22.710374832153320313 24.262228012084960938 25.66302490234375 25.921871185302734375 25.306110382080078125 25.156209945678710938 24.100774765014648438 22.529949188232421875 21.750070571899414063 21.330387115478515625 21.101734161376953125 20.777097702026367188 20.761465072631835938 20.892826080322265625 21.009038925170898438 21.405527114868164063 22.063097000122070313 23.211973190307617188 25.0293121337890625 27.402528762817382813 30.678689956665039063 35.484516143798828125 40.092388153076171875 43.337162017822265625 47.5490570068359375 52.324939727783203125 57.78284454345703125 59.7323455810546875 62.848812103271484375 68.68193817138671875 68.96486663818359375 68.88880157470703125 69.11246490478515625 69.19899749755859375
-nan(ind) -nan(ind) -nan(ind) -nan(ind) -nan(ind) 19.47216033935546875 19.3769378662109375 19.537981033325195313 19.588939666748046875 19.58994293212890625 19.539419174194335938 19.383043289184570313 19.293603897094726563 19.282182693481445313 20.455499649047851563 22.033349990844726563 23.97013092041015625 25.473445892333984375 25.773126602172851563 25.153944015502929688 25.062419891357421875 24.135240554809570313 22.713903427124023438 21.878477096557617188 21.406246185302734375 21.14048004150390625 20.8546142578125 20.906078338623046875 21.093297958374023438 21.159807205200195313 21.368412017822265625 21.837284088134765625 22.982004165649414063 24.12406158447265625 25.805616378784179688 28.952291488647460938 32.92102813720703125 37.290340423583984375 42.064662933349609375 45.722728729248046875 50.087535858154296875 56.21881866455078125 58.625621795654296875 61.611644744873046875 66.43216705322265625 66.7078857421875 66.93556976318359375 67.74172210693359375 67.38935089111328125
