imgs/North glacier/glate_unconstrained_corrected_resized.tif
ncols        305
nrows        320
xllcorner    597500.000000000000
yllcorner    6751000.000000000000
cellsize     20.000000000000
NODATA_value  -9999
[rows 154 to 175 of 320, columns 196 to 244 of 305]
108.47811126708984375 107.8812103271484375 112.53620147705078125 110.0875396728515625 93.3640899658203125 89.32382965087890625 -nan(ind) -nan(ind) -nan(ind) -nan(ind) -nan(ind) -nan(ind) -nan(ind) -nan(ind) -nan(ind) -nan(ind) -nan(ind) -nan(ind) -nan(ind) -nan(ind) -nan(ind) -nan(ind) -nan(ind) -nan(ind) -nan(ind) -nan(ind) -nan(ind) -nan(ind) -nan(ind) -nan(ind) -nan(ind) -nan(ind) -nan(ind) -nan(ind) -nan(ind) -nan(ind) -nan(ind) -nan(ind) -nan(ind) -nan(ind) -nan(ind) -nan(ind) -nan(ind) -nan(ind) -nan(ind) -nan(ind) -nan(ind) -nan(ind) -nan(ind)
120.623504638671875 117.6071624755859375 120.24401092529296875 119.54775238037109375 111.0993499755859375 109.019439697265625 -nan(ind) -nan(ind) -nan(ind) -nan(ind) -nan(ind) -nan(ind) -nan(ind) -nan(ind) -nan(ind) -nan(ind) -nan(ind) -nan(ind) -nan(ind) -nan(ind) -nan(ind) -nan(ind) -nan(ind) -nan(ind) -nan(ind) -nan(ind) -nan(ind) -nan(ind) -nan(ind) -nan(ind) -nan(ind) -nan(ind) -nan(ind) -nan(ind) -nan(ind) -nan(ind) -nan(ind) -nan(ind) -nan(ind) -nan(ind) -nan(ind) -nan(ind) -nan(ind) -nan(ind) -nan(ind) -nan(ind) -nan(ind) -nan(ind) -nan(ind)
126.5867156982421875 124.6490020751953125 129.9712066650390625 131.2138671875 122.85579681396484375 121.416717529296875 115.68643951416015625 102.13425445556640625 87.823577880859375 -nan(ind) -nan(ind) -nan(ind) -nan(ind) -nan(ind) -nan(ind) -nan(ind) -nan(ind) -nan(ind) -nan(ind) 43.54821014404296875 44.046417236328125 43.948886871337890625 43.32813262939453125 41.79758453369140625 40.3263397216796875 38.9559173583984375 37.954204559326171875 34.9054412841796875 -nan(ind) -nan(ind) -nan(ind) -nan(ind) -nan(ind) -nan(ind) -nan(ind) -nan(ind) -nan(ind) -nan(ind) -nan(ind) -nan(ind) -nan(ind) -nan(ind) -nan(ind) -nan(ind) -nan(ind) -nan(ind) -nan(ind) -nan(ind) -nan(ind)
131.4863128662109375 129.0468292236328125 138.77166748046875 141.98052978515625 129.6669464111328125 128.1011199951171875 124.6546783447265625 116.221343994140625 100.3255462646484375 86.56781768798828125 76.3671112060546875 64.54618072509765625 57.693515777587890625 56.338623046875 54.41632080078125 51.90837860107421875 48.94412994384765625 48.351406097412109375 47.941028594970703125 47.695919036865234375 47.691349029541015625 47.289630889892578125 46.673595428466796875 46.49546051025390625 45.8943634033203125 44.985591888427734375 43.727985382080078125 39.27155303955078125 34.193370819091796875 33.065776824951171875 -nan(ind) -nan(ind) -nan(ind) -nan(ind) -nan(ind) -nan(ind) -nan(ind) -nan(ind) -nan(ind) -nan(ind) -nan(ind) -nan(ind) -nan(ind) -nan(ind) -nan(ind) -nan(ind) -nan(ind) -nan(ind) -nan(ind)
137.9426116943359375 129.9672698974609375 144.638580322265625 149.7575531005859375 130.5293121337890625 128.140167236328125 126.92102813720703125 124.05097198486328125 113.740997314453125 100.73749542236328125 85.1224517822265625 71.842193603515625 62.668422698974609375 57.866107940673828125 57.224170684814453125 56.31812286376953125 55.198131561279296875 55.196483612060546875 54.981151580810546875 54.623867034912109375 54.620574951171875 53.05960845947265625 50.657039642333984375 49.964080810546875 49.44463348388671875 48.90540313720703125 47.70064544677734375 43.700267791748046875 38.824329376220703125 36.00090789794921875 -nan(ind) -nan(ind) -nan(ind) -nan(ind) -nan(ind) -nan(ind) -nan(ind) -nan(ind) -nan(ind) -nan(ind) -nan(ind) -nan(ind) -nan(ind) -nan(ind) -nan(ind) -nan(ind) -nan(ind) -nan(ind) -nan(ind)
146.0245208740234375 139.1554412841796875 150.9736785888671875 154.400299072265625 136.837310791015625 130.7111968994140625 126.55461883544921875 123.03522491455078125 114.166046142578125 105.03165435791015625 96.152740478515625 84.3925628662109375 75.84030914306640625 70.92386627197265625 65.67111968994140625 62.94446563720703125 62.568511962890625 61.930500030517578125 61.477008819580078125 61.085025787353515625 59.637203216552734375 58.311176300048828125 56.907299041748046875 54.254703521728515625 51.768505096435546875 49.677490234375 49.242763519287109375 45.46475982666015625 40.8960723876953125 39.862567901611328125 37.08576202392578125 -nan(ind) -nan(ind) -nan(ind) -nan(ind) -nan(ind) -nan(ind) -nan(ind) -nan(ind) -nan(ind) -nan(ind) -nan(ind) -nan(ind) -nan(ind) -nan(ind) -nan(ind) -nan(ind) -nan(ind) -nan(ind)
153.9052276611328125 147.1664276123046875 156.42071533203125 159.260040283203125 145.4893646240234375 136.464202880859375 128.826751708984375 122.3073272705078125 113.79282379150390625 107.32978057861328125 103.70613861083984375 94.5658721923828125 88.1499786376953125 84.96601104736328125 76.82450103759765625 72.87828826904296875 72.7777099609375 70.4331817626953125 68.48193359375 66.73722076416015625 63.669788360595703125 62.05889129638671875 61.1638641357421875 58.119140625 54.561122894287109375 51.286220550537109375 51.22504425048828125 48.23314666748046875 44.71224212646484375 44.981929779052734375 42.624298095703125 39.2329254150390625 35.952724456787109375 -nan(ind) -nan(ind) -nan(ind) -nan(ind) -nan(ind) -nan(ind) -nan(ind) -nan(ind) -nan(ind) -nan(ind) -nan(ind) -nan(ind) -nan(ind) -nan(ind) -nan(ind) -nan(ind)
160.201171875 152.31982421875 160.1117706298828125 163.4759979248046875 153.84356689453125 143.570709228515625 133.12579345703125 122.55211639404296875 113.847259521484375 108.532379150390625 107.33588409423828125 101.59461212158203125 98.43137359619140625 98.29488372802734375 89.7689666748046875 85.56711578369140625 85.25093841552734375 80.36187744140625 75.91825103759765625 71.78717803955078125 67.125152587890625 64.48340606689453125 63.1573333740234375 61.355655670166015625 57.83390045166015625 53.977649688720703125 53.78121185302734375 52.061985015869140625 50.2120361328125 50.939281463623046875 48.929126739501953125 45.55953216552734375 41.36353302001953125 37.89691162109375 -nan(ind) -nan(ind) -nan(ind) -nan(ind) -nan(ind) -nan(ind) -nan(ind) -nan(ind) -nan(ind) -nan(ind) -nan(ind) -nan(ind) -nan(ind) -nan(ind) -nan(ind)
151.7176971435546875 145.8160400390625 153.9801788330078125 154.3515167236328125 136.3179473876953125 131.52880859375 127.5396575927734375 122.0717926025390625 115.44721221923828125 110.5370330810546875 107.94305419921875 104.7771148681640625 103.08388519287109375 103.02465057373046875 97.4989471435546875 93.9217071533203125 92.02533721923828125 86.1166229248046875 81.88932037353515625 78.821380615234375 73.49169158935546875 68.53153228759765625 64.223236083984375 63.022247314453125 60.0155487060546875 56.438938140869140625 55.492443084716796875 53.897113800048828125 52.43166351318359375 52.8466339111328125 51.92652130126953125 50.381988525390625 48.563190460205078125 42.968151092529296875 -nan(ind) -nan(ind) -nan(ind) -nan(ind) -nan(ind) -nan(ind) -nan(ind) -nan(ind) -nan(ind) -nan(ind) -nan(ind) -nan(ind) -nan(ind) -nan(ind) -nan(ind)
145.5741119384765625 141.3281097412109375 145.5208892822265625 143.57244873046875 127.99439239501953125 125.884857177734375 124.74352264404296875 122.33020782470703125 118.73136138916015625 114.69744873046875 110.23981475830078125 107.2869720458984375 105.40732574462890625 104.62815093994140625 101.44820404052734375 99.2419891357421875 97.68560028076171875 89.112335205078125 84.2413330078125 82.15522003173828125 77.9388885498046875 73.20615386962890625 68.36159515380859375 65.38324737548828125 62.36464691162109375 59.68901824951171875 59.04277801513671875 57.6871490478515625 56.2260284423828125 55.77756500244140625 55.3108062744140625 54.30615997314453125 51.531612396240234375 46.459590911865234375 41.3634490966796875 38.278781890869140625 -nan(ind) -nan(ind) -nan(ind) -nan(ind) -nan(ind) -nan(ind) -nan(ind) -nan(ind) -nan(ind) -nan(ind) -nan(ind) -nan(ind) -nan(ind)
138.63555908203125 135.9803009033203125 135.5528106689453125 132.6942596435546875 124.808074951171875 123.86531829833984375 123.9135284423828125 124.04225921630859375 123.3539886474609375 120.2436981201171875 114.1330413818359375 110.79473114013671875 108.45203399658203125 107.0655975341796875 104.41970062255859375 103.0880584716796875 102.614288330078125 92.2779693603515625 86.19438934326171875 83.49677276611328125 80.65033721923828125 77.23284149169921875 73.30328369140625 68.42099761962890625 65.07391357421875 63.071254730224609375 63.596813201904296875 62.327239990234375 60.4240570068359375 59.537761688232421875 59.13053131103515625 58.03270721435546875 53.981487274169921875 49.91739654541015625 45.68141937255859375 40.991424560546875 35.920574188232421875 -nan(ind) -nan(ind) -nan(ind) -nan(ind) -nan(ind) -nan(ind) -nan(ind) -nan(ind) -nan(ind) -nan(ind) -nan(ind) -nan(ind)
125.045562744140625 124.3270111083984375 124.64577484130859375 124.34686279296875 122.614776611328125 122.709228515625 124.727081298828125 129.25518798828125 129.4668731689453125 126.621734619140625 120.3549346923828125 118.74256134033203125 117.88750457763671875 117.64032745361328125 110.705596923828125 107.328704833984375 107.06269073486328125 100.76509857177734375 93.084503173828125 84.68056488037109375 80.97214508056640625 78.049041748046875 75.58022308349609375 72.483551025390625 68.67749786376953125 65.52594757080078125 68.27371978759765625 66.38541412353515625 63.22979736328125 64.255584716796875 63.713069915771484375 62.66070556640625 62.032321929931640625 55.9920654296875 49.339183807373046875 45.916805267333984375 41.89952850341796875 -nan(ind) -nan(ind) -nan(ind) -nan(ind) -nan(ind) -nan(ind) -nan(ind) -nan(ind) -nan(ind) -nan(ind) -nan(ind) -nan(ind)
118.55385589599609375 118.34637451171875 120.25009918212890625 121.613677978515625 121.3260040283203125 121.47737884521484375 122.7991180419921875 125.78414154052734375 128.8231201171875 131.7823028564453125 134.633758544921875 130.8700714111328125 130.0859375 132.864044189453125 124.101837158203125 120.89434814453125 122.29449462890625 107.61392974853515625 95.70513153076171875 86.4511260986328125 82.6090087890625 79.8652496337890625 77.64516448974609375 73.67901611328125 69.34478759765625 65.951080322265625 68.94745635986328125 67.002044677734375 63.749057769775390625 65.135711669921875 64.56804656982421875 63.925495147705078125 65.68131256103515625 59.52370452880859375 52.328643798828125 49.47296905517578125 45.701930999755859375 41.802173614501953125 38.163463592529296875 -nan(ind) -nan(ind) -nan(ind) -nan(ind) -nan(ind) -nan(ind) -nan(ind) -nan(ind) -nan(ind) -nan(ind)
113.80776214599609375 112.9458160400390625 115.62717437744140625 117.73723602294921875 117.6676483154296875 119.6598358154296875 122.39519500732421875 125.8265838623046875 131.6174468994140625 138.74407958984375 147.31365966796875 141.843017578125 140.0115814208984375 142.8109130859375 133.165374755859375 129.0050201416015625 129.2725982666015625 110.370208740234375 96.76985931396484375 87.8121337890625 83.848052978515625 81.34050750732421875 79.48438262939453125 74.97843170166015625 70.7575836181640625 67.6312255859375 69.654693603515625 67.987548828125 65.1871337890625 65.19106292724609375 64.97690582275390625 65.39582061767578125 68.2225799560546875 62.971393585205078125 56.385425567626953125 53.481243133544921875 49.657321929931640625 45.490024566650390625 41.104740142822265625 37.17636871337890625 -nan(ind) -nan(ind) -nan(ind) -nan(ind) -nan(ind) -nan(ind) -nan(ind) -nan(ind) -nan(ind)
109.207122802734375 106.38089752197265625 108.2643280029296875 110.00974273681640625 109.95465087890625 116.94963836669921875 125.3894500732421875 134.568084716796875 142.2870025634765625 148.981903076171875 154.5325164794921875 149.4720916748046875 145.3546142578125 142.764312744140625 132.8183746337890625 125.131134033203125 119.33441925048828125 107.29486083984375 96.9520416259765625 88.3148193359375 83.98070526123046875 81.9140167236328125 81.04648590087890625 77.490386962890625 74.416412353515625 72.0262603759765625 71.87952423095703125 70.8121337890625 68.9058074951171875 65.35472869873046875 66.0488128662109375 68.41988372802734375 70.63399505615234375 67.21778106689453125 62.363994598388671875 58.70102691650390625 54.649627685546875 50.219635009765625 45.173492431640625 39.58843994140625 -nan(ind) -nan(ind) -nan(ind) -nan(ind) -nan(ind) -nan(ind) -nan(ind) -nan(ind) -nan(ind)
111.01021575927734375 110.03910064697265625 114.10762786865234375 117.5442352294921875 118.199554443359375 126.2074127197265625 135.9394378662109375 146.7674102783203125 153.6260223388671875 158.041229248046875 159.7794342041015625 152.3031463623046875 146.06634521484375 141.6145782470703125 131.257720947265625 124.80318450927734375 121.7340087890625 111.430389404296875 101.43618011474609375 91.94085693359375 85.5429534912109375 82.561309814453125 81.60478973388671875 78.29320526123046875 76.18044281005859375 74.76556396484375 73.375213623046875 72.42252349853515625 71.601318359375 70.43549346923828125 70.23989105224609375 70.8231201171875 72.6903533935546875 71.51685333251953125 70.383392333984375 72.10668182373046875 68.4740753173828125 62.069957733154296875 52.664127349853515625 45.62645721435546875 -nan(ind) -nan(ind) -nan(ind) -nan(ind) -nan(ind) -nan(ind) -nan(ind) -nan(ind) -nan(ind)
111.095428466796875 111.35813140869140625 116.62287139892578125 122.292266845703125 127.02252960205078125 135.731109619140625 146.1569061279296875 158.3499908447265625 162.8553314208984375 164.134063720703125 162.14923095703125 152.4193267822265625 143.6376800537109375 136.2541351318359375 128.4186859130859375 124.1843719482421875 122.9804534912109375 112.91912841796875 104.64690399169921875 97.62506103515625 88.40453338623046875 83.99292755126953125 82.656707763671875 79.7504119873046875 77.73561859130859375 76.2831573486328125 75.08924102783203125 74.53408050537109375 74.42450714111328125 74.88103485107421875 73.7938995361328125 73.29998779296875 76.87729644775390625 77.37957000732421875 77.9056854248046875 81.27547454833984375 78.23715972900390625 72.52400970458984375 64.65814208984375 54.8314056396484375 45.756816864013671875 38.865100860595703125 -nan(ind) -nan(ind) -nan(ind) -nan(ind) -nan(ind) -nan(ind) -nan(ind)
109.34366607666015625 110.0656890869140625 115.373291015625 123.01535797119140625 133.2623138427734375 142.8085784912109375 153.6980438232421875 166.7403564453125 168.3397979736328125 166.4920196533203125 161.516143798828125 149.9001922607421875 138.63458251953125 128.0625457763671875 124.6061553955078125 122.85718536376953125 122.31451416015625 111.911865234375 106.4175262451171875 104.05205535888671875 91.940643310546875 85.9720001220703125 84.13005828857421875 81.82245635986328125 79.1743621826171875 76.766265869140625 76.7791595458984375 76.7922821044921875 77.026824951171875 78.194091796875 76.5550994873046875 75.90740966796875 82.370147705078125 83.79541778564453125 84.14939117431640625 86.15105438232421875 83.91802215576171875 81.00345611572265625 79.10334014892578125 66.24733734130859375 53.678096771240234375 45.939289093017578125 39.37425994873046875 -nan(ind) -nan(ind) -nan(ind) -nan(ind) -nan(ind) -nan(ind)
106.04920196533203125 106.1933441162109375 109.8211517333984375 114.73915863037109375 120.78302764892578125 133.199462890625 145.5821685791015625 156.6275634765625 159.7461700439453125 159.6090240478515625 156.1975555419921875 143.7750244140625 133.05419921875 124.61312103271484375 121.23281097412109375 118.9251708984375 117.4003448486328125 110.37833404541015625 106.3893890380859375 104.09268951416015625 92.809417724609375 87.1850128173828125 85.455718994140625 84.0235137939453125 80.63938140869140625 76.81835174560546875 76.83283233642578125 76.84039306640625 77.06360626220703125 78.21002960205078125 78.09716796875 78.8813323974609375 84.3649749755859375 84.7982940673828125 84.620574951171875 87.3502044677734375 86.51717376708984375 85.1677093505859375 84.7994842529296875 75.26248931884765625 64.248016357421875 54.0455322265625 44.51042938232421875 -nan(ind) -nan(ind) -nan(ind) -nan(ind) -nan(ind) -nan(ind)
107.63619232177734375 107.61603546142578125 116.268310546875 125.75125885009765625 133.83380126953125 143.84503173828125 153.0729522705078125 160.7391357421875 162.251861572265625 160.9410858154296875 156.71063232421875 142.3758087158203125 131.06158447265625 123.51776885986328125 121.69702911376953125 119.17765045166015625 115.89002227783203125 109.89043426513671875 106.32867431640625 104.0104827880859375 93.0371246337890625 87.542694091796875 85.9166107177734375 85.33205413818359375 83.45318603515625 81.230072021484375 81.248138427734375 81.32363128662109375 81.2822113037109375 80.630035400390625 80.7768707275390625 82.09185028076171875 86.22180938720703125 86.2011260986328125 86.07199859619140625 89.39995574951171875 88.53215789794921875 87.4393463134765625 88.361968994140625 81.6147308349609375 72.1094970703125 60.42060089111328125 49.785709381103515625 -nan(ind) -nan(ind) -nan(ind) -nan(ind) -nan(ind) -nan(ind)
114.3326568603515625 115.56024932861328125 129.218597412109375 143.8171234130859375 155.966278076171875 161.800048828125 166.2072906494140625 169.7553558349609375 168.8503875732421875 165.30291748046875 158.8776702880859375 142.791259765625 130.807373046875 123.75380706787109375 123.30937957763671875 120.6982879638671875 116.0040283203125 110.14739990234375 106.67104339599609375 104.4603729248046875 94.43157958984375 89.31929779052734375 87.62398529052734375 86.4417572021484375 85.90418243408203125 85.7681121826171875 85.79042816162109375 85.93875885009765625 85.775360107421875 84.03919219970703125 83.6715545654296875 84.64255523681640625 88.22573089599609375 88.1797027587890625 88.70526885986328125 94.06058502197265625 91.6289215087890625 88.9998016357421875 90.60521697998046875 86.095794677734375 78.16650390625 66.19953155517578125 55.413394927978515625 46.526363372802734375 40.371646881103515625 -nan(ind) -nan(ind) -nan(ind) -nan(ind)
128.8744049072265625 134.5602569580078125 145.706329345703125 158.73004150390625 173.263458251953125 176.190093994140625 176.62457275390625 175.67364501953125 173.722564697265625 168.3881683349609375 158.846832275390625 142.6587066650390625 131.0751800537109375 124.8283538818359375 123.630706787109375 120.85340118408203125 116.5484161376953125 111.1758880615234375 108.097747802734375 106.43061065673828125 99.57390594482421875 95.73816680908203125 93.53582763671875 88.02901458740234375 85.90895843505859375 85.7766876220703125 85.802764892578125 85.95476531982421875 86.32257843017578125 87.34133148193359375 85.85755157470703125 85.2141265869140625 90.7658538818359375 91.2095489501953125 93.31905364990234375 104.5616607666015625 98.189208984375 90.8201141357421875 91.79596710205078125 88.67906951904296875 82.54984283447265625 72.3575286865234375 61.8023223876953125 51.355449676513671875 41.1700592041015625 -nan(ind) -nan(ind) -nan(ind) -nan(ind)
