imgs/North glacier/glate_unconstrained_hat_resized.tif
ncols        305
nrows        320
xllcorner    597500.000000000000
yllcorner    6751000.000000000000
cellsize     20.000000000000
NODATA_value  -9999
[rows 88 to 109 of 320, columns 0 to 48 of 305]
-nan(ind) -nan(ind) -nan(ind) -nan(ind) -nan(ind) -nan(ind) -nan(ind) -nan(ind) -nan(ind) -nan(ind) -nan(ind) -nan(ind) -nan(ind) -nan(ind) -nan(ind) -nan(ind) -nan(ind) -nan(ind) -nan(ind) -nan(ind) -nan(ind) -nan(ind) -nan(ind) 35.103321075439453125 40.7822723388671875 49.333347320556640625 56.687511444091796875 62.712123870849609375 64.68231964111328125 65.1261444091796875 64.69626617431640625 64.4272613525390625 65.04405975341796875 65.9126129150390625 65.9565582275390625 66.53751373291015625 67.09224700927734375 66.79113006591796875 66.75048828125 67.66071319580078125 70.96649932861328125 72.27227783203125 74.3554840087890625 79.4889068603515625 81.1504974365234375 81.8834228515625 82.2683868408203125 84.3935546875 86.0571441650390625
-nan(ind) -nan(ind) -nan(ind) -nan(ind) -nan(ind) -nan(ind) -nan(ind) -nan(ind) -nan(ind) -nan(ind) -nan(ind) -nan(ind) -nan(ind) -nan(ind) -nan(ind) -nan(ind) -nan(ind) -nan(ind) -nan(ind) -nan(ind) -nan(ind) -nan(ind) -nan(ind) 32.898273468017578125 37.565578460693359375 44.2405853271484375 51.652088165283203125 59.011432647705078125 61.76792144775390625 63.7231903076171875 65.03385162353515625 65.3588104248046875 66.64710235595703125 68.097564697265625 68.16565704345703125 68.37667083740234375 68.7606201171875 69.5339813232421875 70.19924163818359375 71.5088348388671875 74.712310791015625 75.8307037353515625 78.09912872314453125 84.327056884765625 85.359222412109375 85.37613677978515625 85.592132568359375 86.94638824462890625 88.02740478515625
-nan(ind) -nan(ind) -nan(ind) -nan(ind) -nan(ind) -nan(ind) -nan(ind) -nan(ind) -nan(ind) -nan(ind) -nan(ind) -nan(ind) -nan(ind) -nan(ind) -nan(ind) -nan(ind) -nan(ind) -nan(ind) -nan(ind) -nan(ind) -nan(ind) -nan(ind) -nan(ind) -nan(ind) 36.038684844970703125 40.3538665771484375 46.93639373779296875 54.8035888671875 60.28757476806640625 64.1929931640625 66.95211029052734375 68.48104095458984375 69.0469970703125 69.16246795654296875 69.40512847900390625 69.7466278076171875 70.4249114990234375 72.1174468994140625 73.56403350830078125 75.14556884765625 77.3361053466796875 78.42966461181640625 80.86257171630859375 87.0645751953125 88.14221954345703125 88.17366790771484375 88.31519317626953125 87.91507720947265625 87.6600341796875
-nan(ind) -nan(ind) -nan(ind) -nan(ind) -nan(ind) -nan(ind) -nan(ind) -nan(ind) -nan(ind) -nan(ind) -nan(ind) -nan(ind) -nan(ind) -nan(ind) -nan(ind) -nan(ind) -nan(ind) -nan(ind) -nan(ind) -nan(ind) -nan(ind) -nan(ind) -nan(ind) -nan(ind) 31.896116256713867188 37.20111846923828125 42.319789886474609375 47.58538055419921875 55.105846405029296875 60.010677337646484375 63.344181060791015625 66.52692413330078125 67.78813934326171875 68.2226104736328125 69.2248687744140625 70.6369781494140625 72.190704345703125 73.64565277099609375 74.89653778076171875 75.887847900390625 76.35162353515625 77.0645599365234375 79.0149078369140625 83.6486968994140625 86.3293609619140625 87.847930908203125 87.9413299560546875 85.27399444580078125 83.45972442626953125
-nan(ind) -nan(ind) -nan(ind) -nan(ind) -nan(ind) -nan(ind) -nan(ind) -nan(ind) -nan(ind) -nan(ind) -nan(ind) -nan(ind) -nan(ind) -nan(ind) -nan(ind) -nan(ind) -nan(ind) -nan(ind) -nan(ind) -nan(ind) -nan(ind) -nan(ind) -nan(ind) -nan(ind) 28.99181365966796875 32.95009613037109375 37.168270111083984375 41.742946624755859375 47.750865936279296875 53.104923248291015625 57.777767181396484375 60.753406524658203125 62.958240509033203125 64.79523468017578125 66.702484130859375 68.77925872802734375 70.90274810791015625 72.94464874267578125 73.88193511962890625 74.41837310791015625 74.8907318115234375 75.3049163818359375 77.169647216796875 82.401580810546875 85.843353271484375 87.2941436767578125 85.65924072265625 82.25323486328125 80.1024627685546875
-nan(ind) -nan(ind) -nan(ind) -nan(ind) -nan(ind) -nan(ind) -nan(ind) -nan(ind) -nan(ind) -nan(ind) -nan(ind) -nan(ind) -nan(ind) -nan(ind) -nan(ind) -nan(ind) -nan(ind) -nan(ind) -nan(ind) -nan(ind) -nan(ind) -nan(ind) -nan(ind) -nan(ind) -nan(ind) -nan(ind) 33.018367767333984375 37.609920501708984375 42.120594024658203125 47.276752471923828125 52.49948883056640625 55.911312103271484375 59.736522674560546875 63.44045257568359375 65.72074127197265625 68.09767913818359375 70.5149993896484375 72.93302154541015625 74.24683380126953125 75.325653076171875 76.8010711669921875 77.50351715087890625 79.2883758544921875 84.04741668701171875 86.83837127685546875 87.50957489013671875 84.9212493896484375 80.948272705078125 78.46486663818359375
-nan(ind) -nan(ind) -nan(ind) -nan(ind) -nan(ind) -nan(ind) -nan(ind) -nan(ind) -nan(ind) -nan(ind) -nan(ind) -nan(ind) -nan(ind) -nan(ind) -nan(ind) -nan(ind) -nan(ind) -nan(ind) -nan(ind) -nan(ind) -nan(ind) -nan(ind) -nan(ind) -nan(ind) -nan(ind) -nan(ind) 31.084623336791992188 35.933380126953125 41.031673431396484375 45.076995849609375 48.904048919677734375 55.05429840087890625 61.64404296875 67.4711761474609375 69.02785491943359375 71.246337890625 73.60942840576171875 75.524688720703125 78.596771240234375 82.03757476806640625 85.4035491943359375 87.4640655517578125 88.95008087158203125 89.9429473876953125 89.8835296630859375 89.32109832763671875 88.22737884521484375 83.12876129150390625 79.61182403564453125
-nan(ind) -nan(ind) -nan(ind) -nan(ind) -nan(ind) -nan(ind) -nan(ind) -nan(ind) -nan(ind) -nan(ind) -nan(ind) -nan(ind) -nan(ind) -nan(ind) -nan(ind) -nan(ind) -nan(ind) -nan(ind) -nan(ind) -nan(ind) -nan(ind) -nan(ind) -nan(ind) -nan(ind) -nan(ind) -nan(ind) -nan(ind) 32.298084259033203125 38.6397705078125 43.169704437255859375 47.146183013916015625 54.096401214599609375 61.16745758056640625 67.37963104248046875 69.59322357177734375 72.93172454833984375 76.46729278564453125 79.07440948486328125 82.4004364013671875 85.69216156005859375 88.20507049560546875 89.35939788818359375 90.00109100341796875 90.3253021240234375 90.07328033447265625 88.81040191650390625 85.843170166015625 82.16074371337890625 79.8533477783203125
-nan(ind) -nan(ind) -nan(ind) -nan(ind) -nan(ind) -nan(ind) -nan(ind) -nan(ind) -nan(ind) -nan(ind) -nan(ind) -nan(ind) -nan(ind) -nan(ind) -nan(ind) -nan(ind) -nan(ind) -nan(ind) -nan(ind) -nan(ind) -nan(ind) -nan(ind) -nan(ind) -nan(ind) -nan(ind) -nan(ind) -nan(ind) 28.974256515502929688 34.751667022705078125 39.897247314453125 44.883106231689453125 51.097537994384765625 57.331867218017578125 63.216220855712890625 67.534820556640625 71.74437713623046875 75.795257568359375 79.45734405517578125 83.00778961181640625 86.02295684814453125 87.65631103515625 87.91103363037109375 87.86042022705078125 87.98093414306640625 86.7813262939453125 84.71076202392578125 81.512603759765625 78.85546875 77.3264617919921875
-nan(ind) -nan(ind) -nan(ind) -nan(ind) -nan(ind) -nan(ind) -nan(ind) -nan(ind) -nan(ind) -nan(ind) -nan(ind) -nan(ind) -nan(ind) -nan(ind) -nan(ind) -nan(ind) -nan(ind) -nan(ind) -nan(ind) -nan(ind) -nan(ind) -nan(ind) -nan(ind) -nan(ind) -nan(ind) -nan(ind) -nan(ind) -nan(ind) -nan(ind) 35.24037933349609375 41.69937896728515625 46.020709991455078125 50.40401458740234375 55.38665771484375 62.84247589111328125 67.6642913818359375 71.63549041748046875 76.4457244873046875 80.14019775390625 82.88232421875 84.0379486083984375 83.715484619140625 83.2441864013671875 83.36627960205078125 80.5002593994140625 77.66355133056640625 76.119903564453125 73.85575103759765625 72.4845428466796875
-nan(ind) -nan(ind) -nan(ind) -nan(ind) -nan(ind) -nan(ind) -nan(ind) -nan(ind) -nan(ind) -nan(ind) -nan(ind) -nan(ind) -nan(ind) -nan(ind) -nan(ind) -nan(ind) -nan(ind) -nan(ind) -nan(ind) -nan(ind) -nan(ind) -nan(ind) -nan(ind) -nan(ind) -nan(ind) -nan(ind) -nan(ind) -nan(ind) -nan(ind) 30.647665023803710938 35.42743682861328125 40.40425872802734375 44.254791259765625 48.245601654052734375 55.287769317626953125 61.883762359619140625 67.73931121826171875 71.691375732421875 73.422393798828125 74.933868408203125 77.94669342041015625 78.5275115966796875 78.50846099853515625 78.65068817138671875 77.20455169677734375 75.8990325927734375 75.52117919921875 73.32930755615234375 72.112823486328125
-nan(ind) -nan(ind) -nan(ind) -nan(ind) -nan(ind) -nan(ind) -nan(ind) -nan(ind) -nan(ind) -nan(ind) -nan(ind) -nan(ind) -nan(ind) -nan(ind) -nan(ind) -nan(ind) -nan(ind) -nan(ind) -nan(ind) -nan(ind) -nan(ind) -nan(ind) -nan(ind) -nan(ind) -nan(ind) -nan(ind) -nan(ind) -nan(ind) -nan(ind) 28.730686187744140625 32.6451263427734375 37.1431884765625 40.41481781005859375 43.789173126220703125 50.26853179931640625 57.961761474609375 65.34529876708984375 69.935302734375 73.16277313232421875 75.75292205810546875 77.86692047119140625 78.9060821533203125 79.431976318359375 79.4594268798828125 77.72504425048828125 76.1333465576171875 75.5450897216796875 73.99652862548828125 73.26181793212890625
-nan(ind) -nan(ind) -nan(ind) -nan(ind) -nan(ind) -nan(ind) -nan(ind) -nan(ind) -nan(ind) -nan(ind) -nan(ind) -nan(ind) -nan(ind) -nan(ind) -nan(ind) -nan(ind) -nan(ind) -nan(ind) -nan(ind) -nan(ind) -nan(ind) -nan(ind) -nan(ind) -nan(ind) -nan(ind) -nan(ind) -nan(ind) -nan(ind) -nan(ind) -nan(ind) 31.2637176513671875 35.080005645751953125 38.13739776611328125 41.406955718994140625 47.24431610107421875 54.525211334228515625 62.02342987060546875 68.20825958251953125 74.1577301025390625 78.7035980224609375 79.57158660888671875 80.9015350341796875 81.832366943359375 81.55461883544921875 79.1417388916015625 76.88543701171875 75.8137359619140625 74.89746856689453125 74.61127471923828125
-nan(ind) -nan(ind) -nan(ind) -nan(ind) -nan(ind) -nan(ind) -nan(ind) -nan(ind) -nan(ind) -nan(ind) -nan(ind) -nan(ind) -nan(ind) -nan(ind) -nan(ind) -nan(ind) -nan(ind) -nan(ind) -nan(ind) -nan(ind) -nan(ind) -nan(ind) -nan(ind) -nan(ind) -nan(ind) -nan(ind) -nan(ind) -nan(ind) -nan(ind) -nan(ind) 28.460802078247070313 32.886425018310546875 37.007404327392578125 41.205280303955078125 46.397968292236328125 49.475193023681640625 53.059528350830078125 61.40038299560546875 68.12552642822265625 73.52199554443359375 76.7612152099609375 78.59957122802734375 79.31524658203125 78.33951568603515625 76.9148712158203125 75.88803863525390625 75.81159210205078125 74.50557708740234375 73.99404144287109375
-nan(ind) -nan(ind) -nan(ind) -nan(ind) -nan(ind) -nan(ind) -nan(ind) -nan(ind) -nan(ind) -nan(ind) -nan(ind) -nan(ind) -nan(ind) -nan(ind) -nan(ind) -nan(ind) -nan(ind) -nan(ind) -nan(ind) -nan(ind) -nan(ind) -nan(ind) -nan(ind) -nan(ind) -nan(ind) -nan(ind) -nan(ind) -nan(ind) -nan(ind) -nan(ind) 26.77797698974609375 30.004987716674804688 33.6337127685546875 37.375377655029296875 40.737712860107421875 43.808818817138671875 47.349292755126953125 52.915069580078125 58.386943817138671875 64.05994415283203125 70.38137054443359375 74.214996337890625 76.32375335693359375 76.0461578369140625 75.15699005126953125 74.54471588134765625 74.71776580810546875 73.1482391357421875 72.5440826416015625
-nan(ind) -nan(ind) -nan(ind) -nan(ind) -nan(ind) -nan(ind) -nan(ind) -nan(ind) -nan(ind) -nan(ind) -nan(ind) -nan(ind) -nan(ind) -nan(ind) -nan(ind) -nan(ind) -nan(ind) -nan(ind) -nan(ind) -nan(ind) -nan(ind) -nan(ind) -nan(ind) -nan(ind) -nan(ind) -nan(ind) -nan(ind) -nan(ind) -nan(ind) -nan(ind) -nan(ind) -nan(ind) 30.58921051025390625 33.68686676025390625 35.916133880615234375 39.13278961181640625 42.7238006591796875 46.19062042236328125 50.196155548095703125 55.273036956787109375 62.81589508056640625 67.60448455810546875 71.2437591552734375 73.9867095947265625 74.027130126953125 73.8105621337890625 74.21857452392578125 73.06963348388671875 72.76808929443359375
-nan(ind) -nan(ind) -nan(ind) -nan(ind) -nan(ind) -nan(ind) -nan(ind) -nan(ind) -nan(ind) -nan(ind) -nan(ind) -nan(ind) -nan(ind) -nan(ind) -nan(ind) -nan(ind) -nan(ind) -nan(ind) -nan(ind) -nan(ind) -nan(ind) -nan(ind) -nan(ind) -nan(ind) -nan(ind) -nan(ind) -nan(ind) -nan(ind) -nan(ind) -nan(ind) -nan(ind) -nan(ind) 28.883077621459960938 31.54828643798828125 34.174121856689453125 36.238567352294921875 38.612216949462890625 42.847103118896484375 45.793964385986328125 49.113491058349609375 54.693538665771484375 58.25820159912109375 63.055408477783203125 71.95751953125 73.712554931640625 74.16027069091796875 75.05330657958984375 75.35376739501953125 75.92734527587890625
-nan(ind) -nan(ind) -nan(ind) -nan(ind) -nan(ind) -nan(ind) -nan(ind) -nan(ind) -nan(ind) -nan(ind) -nan(ind) -nan(ind) -nan(ind) -nan(ind) -nan(ind) -nan(ind) -nan(ind) -nan(ind) -nan(ind) -nan(ind) -nan(ind) -nan(ind) -nan(ind) -nan(ind) -nan(ind) -nan(ind) -nan(ind) -nan(ind) -nan(ind) -nan(ind) -nan(ind) -nan(ind) 28.946645736694335938 31.734745025634765625 35.00112152099609375 37.138057708740234375 39.640949249267578125 45.0099334716796875 47.3578643798828125 50.01568603515625 56.407176971435546875 63.352397918701171875 69.58484649658203125 73.83052825927734375 74.875823974609375 75.5651397705078125 76.8948211669921875 77.44821929931640625 78.41284942626953125
-nan(ind) -nan(ind) -nan(ind) -nan(ind) -nan(ind) -nan(ind) -nan(ind) -nan(ind) -nan(ind) -nan(ind) -nan(ind) -nan(ind) -nan(ind) -nan(ind) -nan(ind) -nan(ind) -nan(ind) -nan(ind) -nan(ind) -nan(ind) -nan(ind) -nan(ind) -nan(ind) -nan(ind) -nan(ind) -nan(ind) -nan(ind) -nan(ind) -nan(ind) -nan(ind) -nan(ind) -nan(ind) -nan(ind) 31.49301910400390625 35.0107879638671875 37.220561981201171875 39.663913726806640625 44.773956298828125 47.2505950927734375 49.782253265380859375 54.970546722412109375 61.3756561279296875 66.87044525146484375 69.5054168701171875 70.93332672119140625 72.75372314453125 75.82799530029296875 77.272552490234375 78.76296234130859375
-nan(ind) -nan(ind) -nan(ind) -nan(ind) -nan(ind) -nan(ind) -nan(ind) -nan(ind) -nan(ind) -nan(ind) -nan(ind) -nan(ind) -nan(ind) -nan(ind) -nan(ind) -nan(ind) -nan(ind) -nan(ind) -nan(ind) -nan(ind) -nan(ind) -nan(ind) -nan(ind) -nan(ind) -nan(ind) -nan(ind) -nan(ind) -nan(ind) -nan(ind) -nan(ind) -nan(ind) -nan(ind) -nan(ind) 30.461736679077148438 33.94026947021484375 36.233982086181640625 38.47467803955078125 42.223331451416015625 45.322967529296875 48.13903045654296875 50.783908843994140625 53.728031158447265625 56.951995849609375 60.629177093505859375 63.334476470947265625 66.79512786865234375 72.10974884033203125 75.19770050048828125 77.6257476806640625
-nan(ind) -nan(ind) -nan(ind) -nan(ind) -nan(ind) -nan(ind) -nan(ind) -nan(ind) -nan(ind) -nan(ind) -nan(ind) -nan(ind) -nan(ind) -nan(ind) -nan(ind) -nan(ind) -nan(ind) -nan(ind) -nan(ind) -nan(ind) -nan(ind) -nan(ind) -nan(ind) -nan(ind) -nan(ind) -nan(ind) -nan(ind) -nan(ind) -nan(ind) -nan(ind) -nan(ind) -nan(ind) -nan(ind) 26.814874649047851563 30.556001663208007813 33.265026092529296875 35.688663482666015625 38.605377197265625 41.600589752197265625 44.658519744873046875 47.8162078857421875 50.836734771728515625 53.893978118896484375 57.122318267822265625 60.464385986328125 63.7895355224609375 67.03507232666015625 73.08570098876953125 78.4994049072265625
-nan(ind) -nan(ind) -nan(ind) -nan(ind) -nan(ind) -nan(ind) -nan(ind) -nan(ind) -nan(ind) -nan(ind) -nan(ind) -nan(ind) -nan(ind) -nan(ind) -nan(ind) -nan(ind) -nan(ind) -nan(ind) -nan(ind) -nan(ind) -nan(ind) -nan(ind) -nan(ind) -nan(ind) -nan(ind) -nan(ind) -nan(ind) -nan(ind) -nan(ind) -nan(ind) -nan(ind) -nan(ind) -nan(ind) -nan(ind) -nan(ind) 31.270214080810546875 34.13893890380859375 37.3544158935546875 39.885028839111328125 42.69412994384765625 46.928524017333984375 50.50250244140625 53.8875274658203125 57.2565460205078125 60.292301177978515625 64.0586700439453125 69.367156982421875 76.39608001708984375 82.26163482666015625
