imgs/North glacier/glate_unconstrained_corrected_resized.tif
ncols        305
nrows        320
xllcorner    597500.000000000000
yllcorner    6751000.000000000000
cellsize     20.000000000000
NODATA_value  -9999
[rows 264 to 285 of 320, columns 245 to 293 of 305]
103.0770721435546875 107.649322509765625 111.558135986328125 114.1284942626953125 115.35749053955078125 115.3679351806640625 111.25962066650390625 103.4497833251953125 92.372283935546875 85.353668212890625 81.42368316650390625 78.85691070556640625 73.64051055908203125 66.4273681640625 56.936832427978515625 51.52848052978515625 48.4979705810546875 46.6466827392578125 45.99704742431640625 45.8158416748046875 45.43538665771484375 45.772441864013671875 46.597332000732421875 48.093990325927734375 48.614177703857421875 49.36632537841796875 51.3609161376953125 49.646739959716796875 47.530704498291015625 46.318828582763671875 42.595855712890625 39.460201263427734375 38.057132720947265625 35.62644195556640625 -nan(ind) -nan(ind) -nan(ind) -nan(ind) -nan(ind) -nan(ind) -nan(ind) -nan(ind) -nan(ind) -nan(ind) -nan(ind) -nan(ind) -nan(ind) -nan(ind) -nan(ind)
102.47516632080078125 107.47991943359375 110.5180816650390625 112.96485137939453125 114.81778717041015625 114.799468994140625 107.8929290771484375 95.62628173828125 90.74761962890625 85.4548187255859375 80.20198822021484375 78.0219573974609375 72.88634490966796875 65.9615631103515625 59.22519683837890625 53.972900390625 50.072032928466796875 48.860805511474609375 48.38156890869140625 48.375152587890625 48.927745819091796875 49.9923553466796875 51.43566131591796875 53.447811126708984375 54.065105438232421875 54.672271728515625 56.2329864501953125 55.08069610595703125 53.626934051513671875 52.8195037841796875 48.901409149169921875 45.222259521484375 42.862323760986328125 39.3076171875 36.61887359619140625 35.385662078857421875 -nan(ind) -nan(ind) -nan(ind) -nan(ind) -nan(ind) -nan(ind) -nan(ind) -nan(ind) -nan(ind) -nan(ind) -nan(ind) -nan(ind) -nan(ind)
99.20732879638671875 104.39421844482421875 107.41675567626953125 110.1849365234375 112.67964935302734375 112.551971435546875 105.0895843505859375 91.98600006103515625 87.77639007568359375 83.144866943359375 78.41651153564453125 75.5742340087890625 69.926361083984375 62.950321197509765625 58.45871734619140625 55.082942962646484375 52.58780670166015625 51.485996246337890625 51.296466827392578125 51.571697235107421875 52.09174346923828125 54.063274383544921875 56.35162353515625 58.039947509765625 58.43953704833984375 58.755523681640625 59.773956298828125 59.750469207763671875 59.5324249267578125 59.4044952392578125 54.813812255859375 50.34449005126953125 47.39301300048828125 44.48613739013671875 41.382595062255859375 37.98824310302734375 -nan(ind) -nan(ind) -nan(ind) -nan(ind) -nan(ind) -nan(ind) -nan(ind) -nan(ind) -nan(ind) -nan(ind) -nan(ind) -nan(ind) -nan(ind)
105.00878143310546875 108.77240753173828125 110.068817138671875 111.35009765625 112.6224212646484375 112.27455902099609375 105.7489471435546875 94.4291839599609375 89.93813323974609375 85.19986724853515625 80.4197845458984375 76.8792724609375 70.300140380859375 62.554931640625 59.1969451904296875 56.297046661376953125 53.9190673828125 52.857692718505859375 52.613109588623046875 53.050449371337890625 54.671657562255859375 56.62786102294921875 58.6786651611328125 60.653911590576171875 61.15167236328125 62.317905426025390625 66.1275787353515625 65.06633758544921875 63.6062469482421875 63.592494964599609375 60.079425811767578125 56.7478179931640625 54.752471923828125 48.734111785888671875 43.566051483154296875 40.32938385009765625 38.286895751953125 -nan(ind) -nan(ind) -nan(ind) -nan(ind) -nan(ind) -nan(ind) -nan(ind) -nan(ind) -nan(ind) -nan(ind) -nan(ind) -nan(ind)
111.303802490234375 115.39466094970703125 115.489044189453125 114.85009002685546875 113.5610809326171875 112.61869049072265625 107.46829986572265625 98.892822265625 92.49932098388671875 86.74724578857421875 81.6226348876953125 77.973724365234375 72.01383209228515625 65.0700531005859375 60.85833740234375 57.869174957275390625 55.8013153076171875 55.057819366455078125 54.8318023681640625 55.35329437255859375 57.76970672607421875 60.388767242431640625 63.174045562744140625 66.23241424560546875 66.138702392578125 67.09418487548828125 72.782623291015625 70.26873016357421875 67.5846099853515625 68.3424224853515625 65.3665008544921875 62.5851287841796875 61.231151580810546875 54.1992034912109375 47.719329833984375 43.033710479736328125 40.131977081298828125 -nan(ind) -nan(ind) -nan(ind) -nan(ind) -nan(ind) -nan(ind) -nan(ind) -nan(ind) -nan(ind) -nan(ind) -nan(ind) -nan(ind)
115.70758056640625 123.0930938720703125 123.22623443603515625 120.5643463134765625 115.33010101318359375 113.28873443603515625 109.7139892578125 104.50782012939453125 94.16217041015625 86.31696319580078125 80.593536376953125 77.69142913818359375 74.69178009033203125 71.00485992431640625 63.411029815673828125 59.92433929443359375 58.812160491943359375 58.80371856689453125 58.800502777099609375 59.32871246337890625 61.777286529541015625 66.29486846923828125 71.517120361328125 76.6241455078125 74.86058807373046875 73.7584991455078125 79.063629150390625 75.1234893798828125 71.9509735107421875 74.583984375 70.86962127685546875 67.24463653564453125 65.63776397705078125 61.67432403564453125 55.433460235595703125 46.3331756591796875 41.745697021484375 -nan(ind) -nan(ind) -nan(ind) -nan(ind) -nan(ind) -nan(ind) -nan(ind) -nan(ind) -nan(ind) -nan(ind) -nan(ind) -nan(ind)
123.116790771484375 125.6643524169921875 125.71395111083984375 123.63291168212890625 119.4505767822265625 113.737152099609375 105.5798797607421875 95.6881103515625 91.0034637451171875 85.12526702880859375 78.6819915771484375 74.9412078857421875 71.90401458740234375 68.9835968017578125 64.092254638671875 62.1500244140625 61.81427764892578125 61.813648223876953125 62.74512481689453125 64.73542022705078125 69.09521484375 73.6660919189453125 77.94635009765625 81.15535736083984375 82.24439239501953125 84.333465576171875 90.313812255859375 83.708160400390625 79.68431854248046875 86.64849853515625 79.14694976806640625 72.39585113525390625 71.169647216796875 65.81040191650390625 59.8369598388671875 53.708621978759765625 48.233951568603515625 43.30941009521484375 38.998889923095703125 -nan(ind) -nan(ind) -nan(ind) -nan(ind) -nan(ind) -nan(ind) -nan(ind) -nan(ind) -nan(ind) -nan(ind)
124.48752593994140625 124.9340667724609375 124.9468231201171875 122.2828826904296875 116.9640045166015625 111.11771392822265625 102.08592987060546875 90.8656158447265625 87.553070068359375 83.35222625732421875 78.58264923095703125 74.48358917236328125 71.585357666015625 69.23897552490234375 65.7248382568359375 64.869140625 65.36104583740234375 65.6882781982421875 67.02539825439453125 69.64093017578125 75.300018310546875 79.11867523193359375 82.19712066650390625 85.04726409912109375 88.030059814453125 91.397979736328125 95.59930419921875 88.96631622314453125 85.19890594482421875 92.18102264404296875 85.4962615966796875 78.364776611328125 74.4967041015625 68.31882476806640625 62.810932159423828125 58.67319488525390625 53.614856719970703125 47.37967681884765625 39.785755157470703125 38.646938323974609375 -nan(ind) -nan(ind) -nan(ind) -nan(ind) -nan(ind) -nan(ind) -nan(ind) -nan(ind) -nan(ind)
122.70299530029296875 122.662353515625 122.66574859619140625 118.56458282470703125 110.49737548828125 106.87175750732421875 99.85652923583984375 90.2627716064453125 85.21855926513671875 81.98271942138671875 79.85247802734375 75.88205718994140625 73.1982574462890625 71.1385955810546875 68.03238677978515625 67.82511138916015625 69.0399932861328125 69.8554229736328125 71.43721771240234375 74.2400665283203125 80.26326751708984375 82.94580078125 84.98189544677734375 88.64148712158203125 92.29756927490234375 95.231719970703125 96.43241119384765625 91.47338104248046875 88.52559661865234375 92.4561614990234375 89.664642333984375 84.123291015625 75.90415191650390625 69.61651611328125 64.7088470458984375 61.444576263427734375 57.584346771240234375 50.9037017822265625 40.81754302978515625 39.30054473876953125 37.6344451904296875 -nan(ind) -nan(ind) -nan(ind) -nan(ind) -nan(ind) -nan(ind) -nan(ind) -nan(ind)
129.733245849609375 125.95377349853515625 125.89279937744140625 120.69788360595703125 110.50220489501953125 106.8761138916015625 101.89288330078125 95.8135833740234375 90.56937408447265625 85.59783935546875 80.97898101806640625 77.7644195556640625 74.7901153564453125 72.06052398681640625 69.93344879150390625 69.95770263671875 71.03441619873046875 71.8010406494140625 75.10663604736328125 79.3675384521484375 83.08295440673828125 85.91004180908203125 88.8531341552734375 93.06990814208984375 94.743438720703125 96.02866363525390625 98.1631317138671875 92.94248199462890625 89.11431884765625 91.47386932373046875 89.78926849365234375 84.956878662109375 75.9853973388671875 70.94535064697265625 66.53964996337890625 62.352764129638671875 58.457653045654296875 53.076305389404296875 45.8440399169921875 43.00966644287109375 39.854442596435546875 -nan(ind) -nan(ind) -nan(ind) -nan(ind) -nan(ind) -nan(ind) -nan(ind) -nan(ind)
131.6927490234375 126.8740234375 129.2020263671875 125.19793701171875 114.9416656494140625 110.97547149658203125 106.36029052734375 101.1239776611328125 94.784820556640625 88.1470794677734375 81.7516021728515625 79.50240325927734375 76.64873504638671875 73.60094451904296875 71.66146087646484375 71.78786468505859375 72.8858642578125 73.504730224609375 77.08338165283203125 82.1109771728515625 87.7195281982421875 90.21181488037109375 92.12612152099609375 95.62807464599609375 96.48184967041015625 97.84978485107421875 102.310791015625 95.1749267578125 90.135345458984375 94.652862548828125 91.44936370849609375 86.79131317138671875 81.9419097900390625 73.10649871826171875 66.3308563232421875 63.218975067138671875 58.571880340576171875 53.34295654296875 47.54248809814453125 45.659770965576171875 42.5632781982421875 38.086536407470703125 37.387889862060546875 35.9455718994140625 -nan(ind) -nan(ind) -nan(ind) -nan(ind) -nan(ind)
127.85479736328125 124.27848052978515625 127.73795318603515625 125.2659759521484375 116.884796142578125 112.303466796875 107.72591400146484375 102.99317169189453125 95.80706024169921875 88.56142425537109375 81.8287506103515625 80.1258087158203125 77.8352203369140625 75.23925018310546875 72.994171142578125 73.10732269287109375 74.2441864013671875 74.43772125244140625 78.57306671142578125 84.80353546142578125 92.4079132080078125 94.41471099853515625 94.964874267578125 97.1431884765625 97.6273651123046875 99.47429656982421875 105.78624725341796875 96.8928985595703125 90.9626617431640625 97.9939727783203125 93.02032470703125 88.3404388427734375 87.688690185546875 75.1534423828125 66.1656494140625 64.3725738525390625 59.241481781005859375 54.0341033935546875 49.042896270751953125 47.6475830078125 44.7773895263671875 40.261066436767578125 39.14531707763671875 37.41046905517578125 35.14217376708984375 33.346401214599609375 31.127834320068359375 -nan(ind) -nan(ind)
115.0401763916015625 115.60742950439453125 115.0624847412109375 112.86864471435546875 109.023345947265625 103.48992919921875 99.67230987548828125 97.048675537109375 90.39737701416015625 84.9509124755859375 80.6007232666015625 78.27808380126953125 77.2139892578125 76.55091094970703125 73.55982208251953125 73.5065460205078125 74.5801849365234375 73.78952789306640625 80.44536590576171875 89.51685333251953125 95.58666229248046875 97.1865692138671875 97.3273468017578125 97.9029388427734375 98.024322509765625 99.72090911865234375 105.524169921875 96.725372314453125 90.94997406005859375 97.97887420654296875 93.0053253173828125 88.32561492919921875 87.6734466552734375 76.1869659423828125 67.93253326416015625 66.23439788818359375 61.88817596435546875 57.42620086669921875 53.067935943603515625 49.04045867919921875 45.39842987060546875 42.15294647216796875 39.333408355712890625 37.009090423583984375 35.133655548095703125 33.337284088134765625 31.108884811401367188 -nan(ind) -nan(ind)
104.4353790283203125 104.52301025390625 104.4403228759765625 103.28281402587890625 101.06511688232421875 98.90230560302734375 96.50547027587890625 93.777008056640625 88.98450469970703125 85.3404693603515625 82.64284515380859375 80.98633575439453125 81.33594512939453125 82.30450439453125 79.43613433837890625 78.82891082763671875 79.19412994384765625 78.61235809326171875 82.5410919189453125 87.37335205078125 88.356201171875 89.6164093017578125 90.92374420166015625 92.07727813720703125 94.66785430908203125 97.81041717529296875 101.2732391357421875 94.60174560546875 90.33377838134765625 95.56497955322265625 91.85347747802734375 88.30159759521484375 87.6501312255859375 76.6486358642578125 69.1415863037109375 68.48279571533203125 64.663848876953125 60.04174041748046875 54.7274627685546875 49.715770721435546875 45.670963287353515625 42.629741668701171875 39.429759979248046875 36.952327728271484375 35.125690460205078125 33.32879638671875 31.0988922119140625 28.708065032958984375 28.166261672973632813
99.948974609375 99.9381103515625 101.30475616455078125 101.45467376708984375 100.36016082763671875 98.5499420166015625 96.53452301025390625 94.31493377685546875 91.625640869140625 88.99620819091796875 86.52320098876953125 85.07289886474609375 85.6001434326171875 86.66631317138671875 83.50681304931640625 82.4180450439453125 82.36284637451171875 82.104461669921875 83.49893951416015625 84.670166015625 82.4190216064453125 83.01685333251953125 84.7571563720703125 86.841644287109375 90.23197174072265625 93.53031158447265625 95.6922454833984375 91.9636993408203125 89.59093475341796875 92.65666961669921875 90.46431732177734375 88.30023956298828125 87.730499267578125 77.396575927734375 70.58782958984375 70.56830596923828125 66.9278106689453125 62.42810821533203125 57.210296630859375 52.224609375 47.71208953857421875 43.695392608642578125 40.622974395751953125 37.757472991943359375 35.1402740478515625 33.81128692626953125 31.440526962280273438 28.489938735961914063 27.913663864135742188
102.42467498779296875 103.662078857421875 106.77994537353515625 108.30239105224609375 108.09386444091796875 102.56322479248046875 99.65064239501953125 98.957763671875 98.27854156494140625 95.67241668701171875 91.8684844970703125 89.845245361328125 89.09413909912109375 88.56015777587890625 84.500762939453125 83.09264373779296875 83.06528472900390625 83.04439544677734375 83.0616302490234375 82.51003265380859375 79.83380889892578125 79.40045928955078125 80.44002532958984375 83.4272613525390625 85.22180938720703125 86.9446868896484375 89.3314208984375 89.07054901123046875 88.78050994873046875 89.6532745361328125 89.00424957275390625 88.29311370849609375 87.92440032958984375 78.6014251708984375 72.4211578369140625 72.3374481201171875 68.5032958984375 64.5941925048828125 60.941280364990234375 56.90111541748046875 51.852447509765625 45.7834930419921875 43.119556427001953125 39.509429931640625 35.237079620361328125 34.851318359375 32.166015625 28.055324554443359375 27.618793487548828125
105.41153717041015625 111.4323272705078125 112.401702880859375 111.44744110107421875 108.69366455078125 106.78675079345703125 105.109344482421875 103.50699615478515625 100.0547027587890625 96.04483795166015625 91.767547607421875 88.721160888671875 88.21269989013671875 88.5566558837890625 84.4785614013671875 83.07527923583984375 82.97975921630859375 82.4948272705078125 82.680633544921875 82.40581512451171875 79.39922332763671875 78.746490478515625 79.23799896240234375 80.59949493408203125 82.85553741455078125 85.2167205810546875 87.203826904296875 87.16867828369140625 87.487945556640625 89.45153045654296875 88.2261199951171875 87.2890167236328125 87.77790069580078125 80.37572479248046875 74.567657470703125 72.44220733642578125 68.47088623046875 64.56737518310546875 60.9183197021484375 57.429660797119140625 53.891933441162109375 50.284637451171875 44.955371856689453125 40.50975799560546875 36.939418792724609375 35.04628753662109375 31.87969970703125 28.026956558227539063 27.320081710815429688
99.75537109375 104.2502288818359375 106.04736328125 105.82466888427734375 103.68932342529296875 103.40486907958984375 102.72147369384765625 101.32276153564453125 94.0842132568359375 89.57070159912109375 87.05626678466796875 84.7825469970703125 84.83042144775390625 85.73316192626953125 83.05855560302734375 82.13950347900390625 81.84891510009765625 80.23537445068359375 80.0014190673828125 79.72667694091796875 77.1234283447265625 77.07706451416015625 77.83819580078125 78.271270751953125 80.0791168212890625 82.40830230712890625 85.02764892578125 85.33979034423828125 85.65631866455078125 87.04602813720703125 85.44171905517578125 84.2753143310546875 84.7307586669921875 77.7530364990234375 72.39337158203125 70.6700897216796875 67.21327972412109375 63.832439422607421875 60.705661773681640625 57.563495635986328125 54.675434112548828125 52.022289276123046875 44.957305908203125 39.764404296875 36.284900665283203125 33.446483612060546875 30.635412216186523438 28.01447296142578125 27.214389801025390625
89.5778350830078125 89.4497222900390625 92.92037200927734375 94.7424163818359375 94.8674468994140625 94.86595916748046875 94.93603515625 94.4608001708984375 84.605621337890625 80.592041015625 80.7152557373046875 80.01132965087890625 80.60271453857421875 81.6163787841796875 80.2935943603515625 79.79288482666015625 79.29128265380859375 76.79943084716796875 75.96258544921875 75.49559783935546875 73.75513458251953125 74.4839630126953125 75.720550537109375 75.84485626220703125 76.7076873779296875 78.51806640625 82.08951568603515625 83.14600372314453125 83.4822540283203125 83.533050537109375 81.6374359130859375 80.22109222412109375 80.18845367431640625 73.03998565673828125 68.1347503662109375 67.7088623046875 65.02100372314453125 62.306575775146484375 59.769500732421875 56.957042694091796875 54.375225067138671875 52.004718780517578125 44.154056549072265625 38.37595367431640625 34.489643096923828125 31.207670211791992188 29.116464614868164063 27.975315093994140625 27.21346282958984375
83.60315704345703125 82.79395294189453125 83.43695831298828125 84.17568206787109375 84.96662139892578125 84.96485137939453125 85.41448974609375 85.91213226318359375 81.2314910888671875 79.5677032470703125 79.97425079345703125 79.35584259033203125 79.57846832275390625 79.65206146240234375 75.5728607177734375 73.89759063720703125 73.46331024169921875 72.9840240478515625 72.3655242919921875 71.6365966796875 70.726837158203125 70.699371337890625 71.0608673095703125 71.631744384765625 71.90203094482421875 72.93483734130859375 76.01216888427734375 79.18584442138671875 81.3108062744140625 81.2864990234375 78.9360809326171875 77.1902923583984375 77.15209197998046875 71.3659820556640625 66.7328033447265625 64.770233154296875 62.163127899169921875 59.319366455078125 56.244945526123046875 54.250331878662109375 52.85356903076171875 52.001617431640625 44.90456390380859375 38.996288299560546875 34.236331939697265625 31.12929534912109375 29.035858154296875 27.778200149536132813 27.134962081909179688
80.78345489501953125 78.406707763671875 77.6094818115234375 77.1069793701171875 76.8687744140625 76.60672760009765625 76.73415374755859375 77.066619873046875 75.4638214111328125 73.816864013671875 72.2773590087890625 71.99896240234375 69.3918914794921875 65.493560791015625 62.481472015380859375 60.5942230224609375 59.499698638916015625 59.368648529052734375 58.705692291259765625 57.91110992431640625 57.4794464111328125 57.986328125 58.722949981689453125 59.144290924072265625 61.762725830078125 64.4613037109375 65.81253814697265625 69.470733642578125 72.01888275146484375 71.2748870849609375 70.0205230712890625 69.165252685546875 69.13562774658203125 65.8140411376953125 63.159175872802734375 62.043056488037109375 59.36278533935546875 56.8444061279296875 54.669826507568359375 53.058376312255859375 50.8984527587890625 48.12233734130859375 42.458461761474609375 37.42374420166015625 33.061466217041015625 30.910711288452148438 29.264461517333984375 28.0406951904296875 27.192508697509765625
77.97270965576171875 74.8325958251953125 73.715301513671875 72.4680633544921875 71.07596588134765625 70.5077972412109375 69.67810821533203125 68.67301177978515625 68.3830718994140625 66.303466796875 63.192775726318359375 62.47271728515625 58.239627838134765625 52.54486846923828125 51.215732574462890625 49.684001922607421875 48.283496856689453125 47.98162841796875 47.313629150390625 46.61861419677734375 46.40415191650390625 47.226673126220703125 48.155277252197265625 48.303539276123046875 52.077693939208984375 55.807384490966796875 56.88854217529296875 60.134265899658203125 62.2986602783203125 61.294216156005859375 61.3821563720703125 61.5112762451171875 61.388805389404296875 59.992786407470703125 58.857738494873046875 58.322338104248046875 56.200229644775390625 54.444789886474609375 53.286518096923828125 51.2152557373046875 47.95742034912109375 43.486328125 39.16053009033203125 35.207675933837890625 31.700830459594726563 30.484832763671875 29.2967071533203125 28.150531768798828125 27.225282669067382813
