imgs/North glacier/glate_full_resized.tif
ncols        305
nrows        320
xllcorner    597500.000000000000
yllcorner    6751000.000000000000
cellsize     20.000000000000
NODATA_value  -9999
[rows 44 to 65 of 320, columns 0 to 49 of 305]
-nan(ind) -nan(ind) -nan(ind) -nan(ind) -nan(ind) -nan(ind) -nan(ind) 19.347721099853515625 26.549407958984375 33.711688995361328125 40.76882171630859375 47.46414947509765625 53.629486083984375 59.627544403076171875 65.32323455810546875 70.6455230712890625 74.8337554931640625 78.314849853515625 81.0700531005859375 82.3293914794921875 82.70308685302734375 82.16957855224609375 79.3651275634765625 75.4144134521484375 70.4221038818359375 64.01142120361328125 56.890651702880859375 49.15282440185546875 40.410305023193359375 31.092290878295898438 -nan(ind) -nan(ind) -nan(ind) -nan(ind) -nan(ind) -nan(ind) -nan(ind) -nan(ind) -nan(ind) -nan(ind) -nan(ind) -nan(ind) -nan(ind) -nan(ind) -nan(ind) -nan(ind) -nan(ind) -nan(ind) -nan(ind) -nan(ind)
-nan(ind) -nan(ind) -nan(ind) -nan(ind) -nan(ind) -nan(ind) -nan(ind) 17.902753829956054688 25.306287765502929688 32.849300384521484375 40.20995330810546875 47.016399383544921875 53.015598297119140625 59.0023040771484375 64.66091156005859375 69.89392852783203125 73.9573974609375 77.33777618408203125 80.0209197998046875 81.39925384521484375 82.0066986083984375 81.8352508544921875 80.0168304443359375 76.91156005859375 72.63687896728515625 66.76894378662109375 60.10883331298828125 52.765850067138671875 44.347072601318359375 35.15100860595703125 -nan(ind) -nan(ind) -nan(ind) -nan(ind) -nan(ind) -nan(ind) -nan(ind) -nan(ind) -nan(ind) -nan(ind) -nan(ind) -nan(ind) -nan(ind) -nan(ind) -nan(ind) -nan(ind) -nan(ind) -nan(ind) -nan(ind) -nan(ind)
-nan(ind) -nan(ind) -nan(ind) -nan(ind) -nan(ind) -nan(ind) -nan(ind) -nan(ind) 23.779020309448242188 31.603694915771484375 39.0987548828125 45.9471435546875 51.878814697265625 57.93457794189453125 63.60980224609375 68.7746734619140625 72.7402801513671875 76.05725860595703125 78.71694183349609375 80.300567626953125 81.278961181640625 81.646087646484375 80.71654510498046875 78.39836883544921875 74.8162078857421875 69.487335205078125 63.28620147705078125 56.337726593017578125 48.241977691650390625 39.259552001953125 -nan(ind) -nan(ind) -nan(ind) -nan(ind) -nan(ind) -nan(ind) -nan(ind) -nan(ind) -nan(ind) -nan(ind) -nan(ind) -nan(ind) -nan(ind) -nan(ind) -nan(ind) -nan(ind) -nan(ind) -nan(ind) -nan(ind) -nan(ind)
-nan(ind) -nan(ind) -nan(ind) -nan(ind) -nan(ind) -nan(ind) -nan(ind) -nan(ind) 22.00339508056640625 29.936435699462890625 37.3267059326171875 44.172687530517578125 50.3043365478515625 56.49463653564453125 62.231166839599609375 67.3699188232421875 71.2615509033203125 74.57369232177734375 77.30806732177734375 79.2009124755859375 80.634979248046875 81.60144805908203125 81.44919586181640625 79.8743743896484375 76.995513916015625 72.206146240234375 66.48224639892578125 59.963687896728515625 52.26495361328125 43.680904388427734375 -nan(ind) -nan(ind) -nan(ind) -nan(ind) -nan(ind) -nan(ind) -nan(ind) -nan(ind) -nan(ind) -nan(ind) -nan(ind) -nan(ind) -nan(ind) -nan(ind) -nan(ind) -nan(ind) -nan(ind) -nan(ind) -nan(ind) -nan(ind)
-nan(ind) -nan(ind) -nan(ind) -nan(ind) -nan(ind) -nan(ind) -nan(ind) -nan(ind) 20.63397979736328125 28.588365554809570313 35.881778717041015625 42.714000701904296875 48.98435211181640625 55.086894989013671875 60.708362579345703125 65.7238922119140625 69.58962249755859375 72.949798583984375 75.80924224853515625 77.99518585205078125 79.79491424560546875 81.19742584228515625 81.55637359619140625 80.7553253173828125 78.8411407470703125 74.71126556396484375 69.5417938232421875 63.4991455078125 56.231964111328125 48.167011260986328125 39.47455596923828125 29.8831024169921875 -nan(ind) -nan(ind) -nan(ind) -nan(ind) -nan(ind) -nan(ind) -nan(ind) -nan(ind) -nan(ind) -nan(ind) -nan(ind) -nan(ind) -nan(ind) -nan(ind) -nan(ind) -nan(ind) -nan(ind) -nan(ind)
-nan(ind) -nan(ind) -nan(ind) -nan(ind) -nan(ind) -nan(ind) -nan(ind) -nan(ind) 19.573659896850585938 27.49233245849609375 34.7123565673828125 41.5189361572265625 47.844715118408203125 53.7833251953125 59.237354278564453125 64.10736846923828125 67.96137237548828125 71.3851776123046875 74.384918212890625 76.83403778076171875 78.9468231201171875 80.71198272705078125 81.52320098876953125 81.4134979248046875 80.377227783203125 77.0160675048828125 72.45861053466796875 66.9127197265625 60.09100341796875 52.55818939208984375 44.450771331787109375 35.454071044921875 -nan(ind) -nan(ind) -nan(ind) -nan(ind) -nan(ind) -nan(ind) -nan(ind) -nan(ind) -nan(ind) -nan(ind) -nan(ind) -nan(ind) -nan(ind) -nan(ind) -nan(ind) -nan(ind) -nan(ind) -nan(ind)
-nan(ind) -nan(ind) -nan(ind) -nan(ind) -nan(ind) -nan(ind) -nan(ind) -nan(ind) 18.831228256225585938 26.659109115600585938 33.835521697998046875 40.60446929931640625 46.89156341552734375 52.61502838134765625 57.871547698974609375 62.588352203369140625 66.43875885009765625 69.934967041015625 73.08364105224609375 75.7598724365234375 78.1362152099609375 80.2033843994140625 81.4473876953125 81.9130859375 81.58206939697265625 79.10638427734375 75.218597412109375 70.18506622314453125 63.816776275634765625 56.802593231201171875 49.25323486328125 40.81988525390625 31.0704498291015625 -nan(ind) -nan(ind) -nan(ind) -nan(ind) -nan(ind) -nan(ind) -nan(ind) -nan(ind) -nan(ind) -nan(ind) -nan(ind) -nan(ind) -nan(ind) -nan(ind) -nan(ind) -nan(ind) -nan(ind)
-nan(ind) -nan(ind) -nan(ind) -nan(ind) -nan(ind) -nan(ind) -nan(ind) -nan(ind) 18.388334274291992188 26.154878616333007813 33.362094879150390625 40.186801910400390625 46.547885894775390625 51.993816375732421875 57.008358001708984375 61.57193756103515625 65.437286376953125 69.01032257080078125 72.295623779296875 75.1533355712890625 77.74062347412109375 80.04926300048828125 81.6201934814453125 82.5334930419921875 82.77501678466796875 81.222808837890625 77.948333740234375 73.29337310791015625 67.1484527587890625 60.303974151611328125 52.8956146240234375 44.620471954345703125 35.34325408935546875 -nan(ind) -nan(ind) -nan(ind) -nan(ind) -nan(ind) -nan(ind) -nan(ind) -nan(ind) -nan(ind) -nan(ind) -nan(ind) -nan(ind) -nan(ind) -nan(ind) -nan(ind) -nan(ind) -nan(ind)
-nan(ind) -nan(ind) -nan(ind) -nan(ind) -nan(ind) -nan(ind) -nan(ind) -nan(ind) 17.976667404174804688 25.667947769165039063 32.902484893798828125 39.787326812744140625 46.236545562744140625 51.45166015625 56.2794189453125 60.7520751953125 64.68177032470703125 68.36618804931640625 71.806854248046875 74.8460235595703125 77.62221527099609375 80.1285858154296875 81.95647430419921875 83.17514801025390625 83.776397705078125 82.780426025390625 80.1178436279296875 76.07129669189453125 70.19078826904296875 63.47641754150390625 56.139392852783203125 48.05390167236328125 39.199222564697265625 30.099573135375976563 21.601314544677734375 -nan(ind) -nan(ind) -nan(ind) -nan(ind) -nan(ind) -nan(ind) -nan(ind) -nan(ind) -nan(ind) -nan(ind) -nan(ind) -nan(ind) -nan(ind) -nan(ind) -nan(ind)
-nan(ind) -nan(ind) -nan(ind) -nan(ind) -nan(ind) -nan(ind) -nan(ind) -nan(ind) 17.550939559936523438 25.138349533081054688 32.377048492431640625 39.3048095703125 45.832843780517578125 50.87882232666015625 55.597209930419921875 60.0682525634765625 64.1269683837890625 67.9721221923828125 71.60179901123046875 74.82996368408203125 77.7858734130859375 80.46413421630859375 82.49419403076171875 83.91614532470703125 84.728424072265625 84.03418731689453125 81.96851348876953125 78.66263580322265625 73.0211334228515625 66.36029815673828125 59.008113861083984375 51.142650604248046875 42.678043365478515625 34.04974365234375 26.007863998413085938 -nan(ind) -nan(ind) -nan(ind) -nan(ind) -nan(ind) -nan(ind) -nan(ind) -nan(ind) -nan(ind) -nan(ind) -nan(ind) -nan(ind) -nan(ind) -nan(ind) -nan(ind)
-nan(ind) -nan(ind) -nan(ind) -nan(ind) -nan(ind) -nan(ind) -nan(ind) -nan(ind) 16.945913314819335938 24.335023880004882813 31.474273681640625 38.3435821533203125 44.854461669921875 49.87662506103515625 54.680019378662109375 59.378513336181640625 63.7171783447265625 67.8492584228515625 71.77081298828125 75.22564697265625 78.39234161376953125 81.26596832275390625 83.46854400634765625 85.079681396484375 86.1023406982421875 85.71921539306640625 84.18048858642578125 81.4743194580078125 75.80152130126953125 68.94956207275390625 61.392917633056640625 53.78957366943359375 45.726139068603515625 37.676906585693359375 30.6866912841796875 -nan(ind) -nan(ind) -nan(ind) -nan(ind) -nan(ind) -nan(ind) -nan(ind) -nan(ind) -nan(ind) -nan(ind) -nan(ind) -nan(ind) -nan(ind) -nan(ind) -nan(ind)
-nan(ind) -nan(ind) -nan(ind) -nan(ind) -nan(ind) -nan(ind) -nan(ind) -nan(ind) 16.099575042724609375 23.236360549926757813 30.21441650390625 36.9701385498046875 43.420490264892578125 48.678150177001953125 53.77213287353515625 58.79715728759765625 63.523235321044921875 68.0279998779296875 72.3025665283203125 76.01915740966796875 79.41326904296875 82.48139190673828125 84.852447509765625 86.624053955078125 87.805816650390625 87.64974212646484375 86.32639312744140625 83.8244781494140625 78.3314971923828125 71.2176513671875 63.25327301025390625 55.904247283935546875 48.913959503173828125 42.2112884521484375 35.9824066162109375 29.690301895141601563 -nan(ind) -nan(ind) -nan(ind) -nan(ind) -nan(ind) -nan(ind) -nan(ind) -nan(ind) -nan(ind) -nan(ind) -nan(ind) -nan(ind) -nan(ind) -nan(ind)
-nan(ind) -nan(ind) -nan(ind) -nan(ind) -nan(ind) -nan(ind) -nan(ind) -nan(ind) 15.069506645202636719 21.949665069580078125 28.790431976318359375 35.47661590576171875 41.93517303466796875 47.57196044921875 53.049030303955078125 58.41747283935546875 63.592891693115234375 68.5265045166015625 73.2014007568359375 77.19629669189453125 80.82049560546875 84.07187652587890625 86.57257843017578125 88.472930908203125 89.78960418701171875 89.859466552734375 88.73062896728515625 86.41021728515625 81.17081451416015625 73.9146270751953125 65.6929473876953125 58.770946502685546875 52.794879913330078125 47.266895294189453125 41.638164520263671875 35.4557647705078125 28.903167724609375 21.870428085327148438 -nan(ind) -nan(ind) -nan(ind) -nan(ind) -nan(ind) -nan(ind) -nan(ind) -nan(ind) -nan(ind) -nan(ind) -nan(ind) -nan(ind)
-nan(ind) -nan(ind) -nan(ind) -nan(ind) -nan(ind) -nan(ind) -nan(ind) -nan(ind) 13.827213287353515625 20.480707168579101563 27.279056549072265625 34.02817535400390625 40.67082977294921875 46.801616668701171875 52.707881927490234375 58.38372802734375 64.0611724853515625 69.47983551025390625 74.61043548583984375 78.8931121826171875 82.74100494384765625 86.1526336669921875 88.70420074462890625 90.6873016357421875 92.12505340576171875 92.4791717529296875 91.72595977783203125 89.824737548828125 84.84163665771484375 77.7456207275390625 69.72986602783203125 63.603824615478515625 58.032802581787109375 52.763790130615234375 47.60579681396484375 41.569766998291015625 35.02965545654296875 28.012821197509765625 -nan(ind) -nan(ind) -nan(ind) -nan(ind) -nan(ind) -nan(ind) -nan(ind) -nan(ind) -nan(ind) -nan(ind) -nan(ind) -nan(ind)
-nan(ind) -nan(ind) -nan(ind) -nan(ind) -nan(ind) -nan(ind) -nan(ind) -nan(ind) 12.289715766906738281 18.787174224853515625 25.674669265747070313 32.598674774169921875 39.49428558349609375 46.10715484619140625 52.4236907958984375 58.388641357421875 64.8014678955078125 70.88114166259765625 76.56597900390625 81.11785125732421875 85.10433197021484375 88.52791595458984375 90.96240997314453125 92.86513519287109375 94.27020263671875 94.82623291015625 94.53515625 93.23198699951171875 88.47949981689453125 82.31760406494140625 75.5023345947265625 69.71829986572265625 64.281341552734375 58.99285888671875 53.598056793212890625 47.3812255859375 40.71295928955078125 33.668651580810546875 26.890293121337890625 -nan(ind) -nan(ind) -nan(ind) -nan(ind) -nan(ind) -nan(ind) -nan(ind) -nan(ind) -nan(ind) -nan(ind) -nan(ind)
-nan(ind) -nan(ind) -nan(ind) -nan(ind) -nan(ind) -nan(ind) -nan(ind) -nan(ind) -nan(ind) -nan(ind) 23.995098114013671875 31.07279205322265625 38.163394927978515625 45.101947784423828125 51.7905426025390625 58.172119140625 65.5767364501953125 72.47304534912109375 78.7486572265625 83.500213623046875 87.53448486328125 90.859771728515625 93.06894683837890625 94.76891326904296875 96.004852294921875 96.59319305419921875 96.50075531005859375 95.5457000732421875 91.4168548583984375 86.43613433837890625 80.95972442626953125 75.52679443359375 70.21884918212890625 64.87691497802734375 59.11624908447265625 52.733127593994140625 46.0208587646484375 39.0673828125 32.2833709716796875 25.831922531127929688 20.143743515014648438 -nan(ind) -nan(ind) -nan(ind) -nan(ind) -nan(ind) -nan(ind) -nan(ind) -nan(ind) -nan(ind)
-nan(ind) -nan(ind) -nan(ind) -nan(ind) -nan(ind) -nan(ind) -nan(ind) -nan(ind) -nan(ind) -nan(ind) 22.253681182861328125 29.445524215698242188 36.66162109375 43.774372100830078125 50.819118499755859375 57.787807464599609375 66.40755462646484375 74.23993682861328125 81.1072845458984375 85.96616363525390625 89.95070648193359375 93.076171875 94.96715545654296875 96.36141204833984375 97.3124237060546875 97.7559814453125 97.5653839111328125 96.66583251953125 93.58138275146484375 89.927001953125 85.78308868408203125 80.75960540771484375 75.59627532958984375 70.19203948974609375 64.0428619384765625 57.568756103515625 50.934337615966796875 44.21346282958984375 37.744831085205078125 31.520887374877929688 25.73725128173828125 19.5179595947265625 -nan(ind) -nan(ind) -nan(ind) -nan(ind) -nan(ind) -nan(ind) -nan(ind) -nan(ind)
-nan(ind) -nan(ind) -nan(ind) -nan(ind) -nan(ind) -nan(ind) -nan(ind) -nan(ind) -nan(ind) -nan(ind) 20.665889739990234375 27.924760818481445313 35.304149627685546875 42.89719390869140625 50.698665618896484375 58.7455902099609375 68.09473419189453125 76.3650360107421875 83.3647003173828125 88.01446533203125 91.80271148681640625 94.74486541748046875 96.40326690673828125 97.6790924072265625 98.5942840576171875 98.86441802978515625 98.6044769287109375 97.79949188232421875 95.55609130859375 92.7031707763671875 89.2657623291015625 84.5369110107421875 79.318145751953125 73.75768280029296875 67.7724609375 61.54248809814453125 55.2030487060546875 48.837245941162109375 42.660602569580078125 36.646755218505859375 30.90552520751953125 24.72502899169921875 -nan(ind) -nan(ind) -nan(ind) -nan(ind) -nan(ind) -nan(ind) -nan(ind) -nan(ind)
-nan(ind) -nan(ind) -nan(ind) -nan(ind) -nan(ind) -nan(ind) -nan(ind) -nan(ind) -nan(ind) -nan(ind) 19.016225814819335938 26.26775360107421875 33.78665924072265625 41.811862945556640625 50.2151336669921875 59.04929351806640625 68.7165374755859375 77.11411285400390625 84.0539398193359375 88.75983428955078125 92.60581207275390625 95.606048583984375 97.31101226806640625 98.6016845703125 99.50145721435546875 99.6977081298828125 99.46724700927734375 98.8226165771484375 97.220489501953125 94.99947357177734375 92.16593170166015625 87.9115142822265625 82.76934051513671875 77.1421356201171875 71.32891082763671875 65.35024261474609375 59.302715301513671875 53.254940032958984375 47.353664398193359375 41.56850433349609375 35.96677398681640625 29.865875244140625 -nan(ind) -nan(ind) -nan(ind) -nan(ind) -nan(ind) -nan(ind) -nan(ind) -nan(ind)
-nan(ind) -nan(ind) -nan(ind) -nan(ind) -nan(ind) -nan(ind) -nan(ind) -nan(ind) -nan(ind) -nan(ind) 17.226350784301757813 24.394603729248046875 32.013141632080078125 40.371288299560546875 49.18495941162109375 58.5021514892578125 68.14641571044921875 76.487518310546875 83.36083984375 88.32244110107421875 92.41513824462890625 95.651214599609375 97.59020233154296875 99.00963592529296875 99.95194244384765625 100.1851043701171875 100.0841827392578125 99.6687469482421875 98.5831146240234375 96.9040985107421875 94.64220428466796875 91.04329681396484375 86.09888458251953125 80.47095489501953125 74.78548431396484375 69.02953338623046875 63.248493194580078125 57.481945037841796875 51.8284759521484375 46.25603485107421875 40.801265716552734375 34.75879669189453125 28.081937789916992188 20.32028961181640625 -nan(ind) -nan(ind) -nan(ind) -nan(ind) -nan(ind) -nan(ind)
-nan(ind) -nan(ind) -nan(ind) -nan(ind) -nan(ind) -nan(ind) -nan(ind) -nan(ind) -nan(ind) -nan(ind) 15.046385765075683594 22.008520126342773438 29.629087448120117188 38.05352783203125 46.897563934326171875 56.1905975341796875 65.42710113525390625 73.69716644287109375 80.8947906494140625 86.28408050537109375 90.78012847900390625 94.39411163330078125 96.66370391845703125 98.34920501708984375 99.50650787353515625 99.9752044677734375 100.1638946533203125 100.092620849609375 99.48935699462890625 98.38323974609375 96.79462432861328125 94.1389312744140625 89.55948638916015625 83.98381805419921875 78.24346160888671875 72.58780670166015625 66.98491668701171875 61.4422149658203125 55.969539642333984375 50.509922027587890625 45.019947052001953125 38.868541717529296875 32.24736785888671875 24.9659881591796875 -nan(ind) -nan(ind) -nan(ind) -nan(ind) -nan(ind) -nan(ind)
-nan(ind) -nan(ind) -nan(ind) -nan(ind) -nan(ind) -nan(ind) -nan(ind) -nan(ind) -nan(ind) -nan(ind) -nan(ind) 19.130296707153320313 26.609746932983398438 34.954742431640625 43.691074371337890625 52.832172393798828125 61.77150726318359375 69.97662353515625 77.37554168701171875 83.11116790771484375 87.97899627685546875 91.9881134033203125 94.656768798828125 96.72524261474609375 98.2535247802734375 99.10759735107421875 99.7006988525390625 100.05405426025390625 99.9322662353515625 99.38153076171875 98.40593719482421875 96.44371795654296875 92.49085235595703125 87.3861083984375 81.58447265625 76.0965576171875 70.75102996826171875 65.4464874267578125 60.15447998046875 54.82384490966796875 49.373828887939453125 43.243350982666015625 36.714328765869140625 29.700693130493164063 22.637241363525390625 -nan(ind) -nan(ind) -nan(ind) -nan(ind) -nan(ind)
