imgs/North glacier/glate_unconstrained_hat_resized.tif
ncols        305
nrows        320
xllcorner    597500.000000000000
yllcorner    6751000.000000000000
cellsize     20.000000000000
NODATA_value  -9999
[rows 176 to 197 of 320, columns 196 to 244 of 305]
113.42374420166015625 116.2895965576171875 126.0846099853515625 137.255096435546875 148.5632171630859375 148.820037841796875 147.200592041015625 145.0053253173828125 140.819580078125 135.7673797607421875 129.830352783203125 117.327056884765625 107.93470001220703125 102.24530792236328125 100.390472412109375 98.1417236328125 95.5028533935546875 92.5114898681640625 90.972198486328125 90.15961456298828125 84.0189666748046875 81.076873779296875 79.93842315673828125 75.87738800048828125 73.6567535400390625 72.681488037109375 72.70742034912109375 73.67906951904296875 74.95293426513671875 75.557891845703125 75.052734375 75.56946563720703125 81.00020599365234375 80.00771331787109375 81.31678009033203125 94.6715545654296875 88.69252777099609375 80.7795867919921875 80.14084625244140625 77.40544891357421875 72.68487548828125 65.051422119140625 59.07964324951171875 50.87990570068359375 38.7281341552734375 35.259891510009765625 -nan(ind) -nan(ind) -nan(ind)
114.9815826416015625 115.9231414794921875 125.76731109619140625 135.892364501953125 143.570526123046875 142.9609375 140.186126708984375 135.844482421875 131.6514434814453125 125.7317962646484375 117.5918426513671875 108.6168975830078125 101.97784423828125 97.92693328857421875 96.8296661376953125 95.07176971435546875 92.66123199462890625 89.49169158935546875 88.10747528076171875 87.6893463134765625 81.6122283935546875 79.0442352294921875 78.55611419677734375 75.646484375 73.7799072265625 72.71446990966796875 72.7447052001953125 74.3465423583984375 76.31206512451171875 76.5820770263671875 77.23040771484375 79.06217193603515625 84.32993316650390625 84.33443450927734375 86.49390411376953125 99.25318145751953125 93.886322021484375 85.8514251708984375 82.71800994873046875 79.348602294921875 75.15305328369140625 69.4960479736328125 64.8216400146484375 56.52838897705078125 42.236572265625 37.836742401123046875 35.00457000732421875 32.894725799560546875 -nan(ind)
114.6150360107421875 114.9441375732421875 123.82985687255859375 131.0026702880859375 132.323699951171875 132.5240478515625 129.37725830078125 121.4462890625 120.8608856201171875 113.4867401123046875 96.63230133056640625 93.8577728271484375 92.938018798828125 93.38123321533203125 95.11917877197265625 94.27533721923828125 90.92346954345703125 85.1087646484375 82.537933349609375 82.1950225830078125 77.3777923583984375 75.44446563720703125 75.2463836669921875 73.25974273681640625 72.558135986328125 72.5955657958984375 72.60895538330078125 74.37353515625 76.565399169921875 76.9609832763671875 78.9017486572265625 81.8330535888671875 85.9753875732421875 90.4290313720703125 95.54512786865234375 102.17563629150390625 98.39414215087890625 91.7763824462890625 85.0487823486328125 80.62560272216796875 77.25101470947265625 74.946319580078125 68.80745697021484375 59.07840728759765625 44.577152252197265625 41.281024932861328125 38.26529693603515625 34.042781829833984375 33.625942230224609375
125.32904052734375 127.50220489501953125 132.111663818359375 135.9361724853515625 137.5699615478515625 135.2054443359375 131.6085968017578125 126.9746856689453125 124.97882843017578125 120.88951873779296875 113.83524322509765625 107.34183502197265625 103.77620697021484375 103.379241943359375 102.64994049072265625 99.58130645751953125 94.3639678955078125 90.10366058349609375 86.94742584228515625 84.55835723876953125 80.75659942626953125 78.893035888671875 78.12187957763671875 75.57569122314453125 75.0824432373046875 75.37713623046875 73.45794677734375 75.07027435302734375 77.73101043701171875 77.55651092529296875 79.41039276123046875 82.3420257568359375 86.1209259033203125 92.0425872802734375 97.7025146484375 100.71561431884765625 99.02838897705078125 94.9813995361328125 88.462799072265625 82.706329345703125 78.35170745849609375 76.3354949951171875 69.87966156005859375 62.29506683349609375 54.00295257568359375 48.711460113525390625 44.1659393310546875 40.205821990966796875 39.875049591064453125
129.5048828125 132.39324951171875 134.3959503173828125 135.96466064453125 137.060272216796875 134.7243194580078125 131.9177703857421875 129.100006103515625 126.57183837890625 123.83763885498046875 120.80820465087890625 114.67647552490234375 110.12545013427734375 107.44493865966796875 103.970245361328125 99.6876068115234375 94.7159423828125 91.44249725341796875 88.53186798095703125 85.83696746826171875 82.231781005859375 80.6562042236328125 80.0164642333984375 75.90193939208984375 74.76438140869140625 74.95644378662109375 72.97408294677734375 74.7386627197265625 77.64954376220703125 77.6952056884765625 80.04087066650390625 83.875640869140625 89.56218719482421875 94.64992523193359375 98.63300323486328125 100.16146087646484375 98.72089385986328125 95.75748443603515625 91.160430908203125 84.29808807373046875 79.0133209228515625 77.5831756591796875 71.0821685791015625 64.7777099609375 60.02907562255859375 54.98035430908203125 50.0939483642578125 45.4699249267578125 45.187122344970703125
128.38787841796875 130.984527587890625 131.7263946533203125 132.0043792724609375 132.0767669677734375 131.3771514892578125 129.7598876953125 126.92484283447265625 124.6923370361328125 122.11757659912109375 119.038970947265625 115.728302001953125 111.42469024658203125 106.048126220703125 100.3587799072265625 95.934661865234375 92.7013397216796875 89.68731689453125 87.4822540283203125 85.7445220947265625 81.80712127685546875 80.81377410888671875 81.02606964111328125 75.01859283447265625 73.03417205810546875 73.1530609130859375 72.03106689453125 74.01842498779296875 76.9673004150390625 77.58184051513671875 80.75091552734375 85.88925933837890625 94.1364288330078125 97.09503936767578125 98.334747314453125 99.69290924072265625 97.5599212646484375 94.76830291748046875 92.59589385986328125 85.08286285400390625 79.17147064208984375 78.36441802978515625 71.9706878662109375 66.27449798583984375 63.057674407958984375 59.59474945068359375 55.3679962158203125 50.14180755615234375 49.910236358642578125
123.62847137451171875 124.83916473388671875 125.222442626953125 125.2214202880859375 124.81562042236328125 124.73879241943359375 121.9760284423828125 115.1259918212890625 114.2637786865234375 112.60588836669921875 109.26720428466796875 106.83097076416015625 103.1428375244140625 98.04592132568359375 93.76650238037109375 91.03525543212890625 89.634613037109375 85.22379302978515625 83.12339019775390625 82.58310699462890625 78.52801513671875 78.82640838623046875 81.034759521484375 75.03241729736328125 74.164642333984375 75.6139678955078125 73.44474029541015625 74.94452667236328125 77.63422393798828125 77.8027191162109375 81.43361663818359375 86.72629547119140625 92.87162017822265625 95.26015472412109375 96.17531585693359375 96.49041748046875 95.41875457763671875 93.43111419677734375 90.22113037109375 83.53943634033203125 78.34490966796875 77.30744171142578125 70.8344268798828125 65.40415191650390625 62.96544647216796875 59.9910736083984375 57.2767181396484375 54.99037933349609375 54.95937347412109375
115.9869232177734375 121.7148284912109375 118.38703155517578125 115.04141998291015625 114.6580352783203125 114.93250274658203125 113.33443450927734375 108.80031585693359375 108.36234283447265625 106.957061767578125 103.8621063232421875 102.81194305419921875 100.3462371826171875 96.23956298828125 94.42980194091796875 92.11243438720703125 89.2337799072265625 84.191375732421875 82.87619781494140625 84.08206939697265625 79.66866302490234375 78.99350738525390625 80.32953643798828125 77.49756622314453125 76.7627716064453125 76.94158935546875 75.4608306884765625 76.80156707763671875 79.0706787109375 79.45703887939453125 81.82108306884765625 85.19443511962890625 89.2553863525390625 91.49034881591796875 92.59283447265625 92.2746124267578125 91.22229766845703125 89.15952301025390625 85.27033233642578125 80.7535400390625 77.4642181396484375 76.72955322265625 71.47026824951171875 66.90207672119140625 64.54265594482421875 62.16007232666015625 59.6871795654296875 57.0953369140625 56.582500457763671875
113.86859893798828125 122.25148773193359375 117.26320648193359375 112.179840087890625 111.3489227294921875 111.35662078857421875 110.5141143798828125 108.22945404052734375 107.610504150390625 106.4063873291015625 104.2703399658203125 103.49977874755859375 101.625030517578125 98.48107147216796875 98.1919403076171875 95.78289031982421875 91.35498046875 86.08563232421875 85.09449005126953125 87.02603912353515625 82.863189697265625 81.02098846435546875 80.74831390380859375 80.38135528564453125 79.54296875 78.48998260498046875 77.75905609130859375 78.88580322265625 80.60888671875 81.02950286865234375 81.6228485107421875 82.7479400634765625 85.4131011962890625 86.84946441650390625 87.4709930419921875 86.9934844970703125 86.01763153076171875 84.19305419921875 80.7633819580078125 78.33402252197265625 76.77886199951171875 76.47629547119140625 72.499755859375 68.9122467041015625 66.84438323974609375 64.6250152587890625 62.0838775634765625 59.128520965576171875 57.700466156005859375
125.4492034912109375 128.30743408203125 128.39276123046875 127.16512298583984375 124.53667449951171875 123.173553466796875 120.557891845703125 115.81147003173828125 114.4216156005859375 113.79015350341796875 113.7535552978515625 110.565704345703125 107.51544952392578125 104.76318359375 103.2332305908203125 100.59258270263671875 96.85619354248046875 91.65848541259765625 89.52988433837890625 89.6443634033203125 87.18651580810546875 85.40599822998046875 84.04688262939453125 82.3756866455078125 81.64636993408203125 81.321075439453125 80.2157440185546875 80.77569580078125 81.80544281005859375 81.39470672607421875 80.4058074951171875 80.08807373046875 82.79325103759765625 81.773468017578125 80.1387481689453125 80.20317840576171875 80.1763458251953125 79.88385772705078125 79.050140380859375 77.58231353759765625 76.54347991943359375 76.55994415283203125 73.07764434814453125 70.2898101806640625 69.4646148681640625 66.4324493408203125 64.089324951171875 62.9918365478515625 60.22971343994140625
125.42987060546875 126.0475006103515625 126.38899993896484375 126.264556884765625 125.40900421142578125 125.02684783935546875 122.45221710205078125 116.4998016357421875 116.434783935546875 115.45098876953125 112.640472412109375 110.45320892333984375 107.6758270263671875 104.22503662109375 101.1132049560546875 98.55542755126953125 96.41188812255859375 91.5559234619140625 89.96041107177734375 90.7699127197265625 89.11800384521484375 88.224212646484375 87.48381805419921875 83.9223175048828125 82.6342926025390625 82.5165863037109375 81.5964813232421875 81.65514373779296875 81.81464385986328125 80.38875579833984375 79.01926422119140625 78.126312255859375 78.74713134765625 77.7037353515625 76.647705078125 77.061553955078125 76.05138397216796875 75.4804534912109375 76.75055694580078125 75.32970428466796875 73.6104583740234375 72.383880615234375 69.6014862060546875 67.6589508056640625 67.43408966064453125 65.80643463134765625 64.3968505859375 63.481235504150390625 62.688732147216796875
117.10218048095703125 117.854461669921875 118.2183837890625 118.3701629638671875 118.27590179443359375 118.81607818603515625 117.483612060546875 113.21968841552734375 113.78839874267578125 112.947113037109375 109.7694091796875 107.88832855224609375 105.134918212890625 101.36849212646484375 98.79479217529296875 96.2722625732421875 93.72626495361328125 89.36895751953125 88.70754241943359375 90.67339324951171875 88.63250732421875 88.620269775390625 89.31185150146484375 84.73163604736328125 83.11675262451171875 83.0522003173828125 82.07320404052734375 81.814666748046875 81.34088897705078125 78.48011016845703125 77.002471923828125 75.99539947509765625 74.684326171875 73.841552734375 73.450164794921875 73.85955810546875 72.02358245849609375 70.82207489013671875 72.39305877685546875 70.85706329345703125 68.9847412109375 67.6966705322265625 66.07018280029296875 65.14992523193359375 65.4362640380859375 65.12177276611328125 64.15288543701171875 62.3829193115234375 63.734699249267578125
102.4282684326171875 105.2797698974609375 106.06268310546875 106.08400726318359375 105.4449310302734375 106.5134735107421875 107.27709197998046875 107.23929595947265625 107.4373931884765625 107.2376251220703125 106.5038909912109375 103.8007965087890625 100.6709136962890625 97.16759490966796875 97.290008544921875 94.7864227294921875 89.8660430908203125 86.1309661865234375 86.51496124267578125 89.6506195068359375 86.1524505615234375 86.80422210693359375 89.3748931884765625 84.88144683837890625 83.2808380126953125 83.13259124755859375 81.759521484375 81.36200714111328125 80.53572845458984375 75.89842987060546875 74.4384307861328125 73.68630218505859375 70.99082183837890625 70.30239105224609375 70.288970947265625 70.2920379638671875 68.1282806396484375 66.24820709228515625 66.30632781982421875 64.62502288818359375 63.309177398681640625 63.361988067626953125 63.368267059326171875 63.6699066162109375 64.45288848876953125 64.927642822265625 63.7278289794921875 60.30402374267578125 63.454319000244140625
110.3000946044921875 111.293426513671875 113.63417816162109375 116.2951202392578125 119.075897216796875 119.92043304443359375 118.723236083984375 114.86087799072265625 114.78292083740234375 112.60337066650390625 107.32117462158203125 104.5762939453125 101.87790679931640625 99.11100006103515625 98.517913818359375 97.29048919677734375 95.409210205078125 92.03929901123046875 91.3583831787109375 92.50730133056640625 89.7374725341796875 89.15459442138671875 89.614349365234375 86.59549713134765625 85.121673583984375 84.359100341796875 82.58554840087890625 81.7933807373046875 80.61895751953125 75.81768035888671875 73.931854248046875 72.932525634765625 70.9407501220703125 70.47557830810546875 70.2226409912109375 69.16550445556640625 68.22377777099609375 67.654327392578125 67.85094451904296875 66.63584136962890625 65.66934967041015625 65.723419189453125 67.4203033447265625 69.14345550537109375 70.50568389892578125 69.13811492919921875 66.96617889404296875 64.09154510498046875 66.73740386962890625
116.18531036376953125 116.77350616455078125 119.157867431640625 122.02542877197265625 125.15222930908203125 125.96218109130859375 124.78928375244140625 121.11626434326171875 120.5910186767578125 118.69013214111328125 114.683807373046875 109.6288604736328125 105.17168426513671875 101.4158935546875 99.95367431640625 98.577545166015625 97.212554931640625 94.15312957763671875 93.0416259765625 93.2866363525390625 91.07392120361328125 90.20745086669921875 90.10381317138671875 88.79872894287109375 88.034423828125 87.12908172607421875 83.70961761474609375 82.1710968017578125 80.61316680908203125 75.1101226806640625 72.71793365478515625 71.494415283203125 69.955230712890625 69.58803558349609375 69.37413787841796875 68.51677703857421875 67.78047943115234375 67.407745361328125 67.77811431884765625 67.09166717529296875 66.591766357421875 66.8566741943359375 68.9463348388671875 70.81543731689453125 71.8862762451171875 70.4044342041015625 68.504730224609375 66.4006500244140625 68.37750244140625
119.08315277099609375 120.59778594970703125 122.249847412109375 124.0824432373046875 126.1883697509765625 127.18244171142578125 126.94135284423828125 125.07596588134765625 124.23740386962890625 123.49017333984375 122.745361328125 114.9481658935546875 108.1803741455078125 102.86682891845703125 100.856048583984375 98.4923553466796875 95.79843902587890625 93.291412353515625 92.2781219482421875 92.3066253662109375 90.469940185546875 90.0252227783203125 90.45040130615234375 90.26325225830078125 90.432373046875 89.95284271240234375 84.7386474609375 81.847808837890625 79.3538970947265625 73.761077880859375 71.1520538330078125 69.78740692138671875 68.5318603515625 67.944915771484375 67.54145050048828125 67.03130340576171875 66.102508544921875 65.6370697021484375 66.46282196044921875 66.20189666748046875 66.115966796875 66.7848052978515625 68.3609161376953125 69.52007293701171875 69.793426513671875 69.285308837890625 68.4457855224609375 67.26812744140625 68.7540283203125
115.1155548095703125 119.389007568359375 120.6852264404296875 122.10681915283203125 124.73406219482421875 126.31964874267578125 126.10694122314453125 123.41277313232421875 123.13193511962890625 121.92203521728515625 119.25826263427734375 112.01104736328125 105.60912322998046875 100.34461212158203125 99.31557464599609375 95.91220855712890625 90.4520416259765625 89.51967620849609375 89.20838165283203125 89.2464752197265625 87.47945404052734375 88.03478240966796875 89.72222137451171875 87.90904998779296875 88.5875091552734375 89.63840484619140625 84.76772308349609375 79.021087646484375 73.60320281982421875 71.37100982666015625 69.80127716064453125 68.55605316162109375 67.49608612060546875 65.77318572998046875 63.723140716552734375 61.3853607177734375 60.976428985595703125 61.746593475341796875 64.00388336181640625 63.64794158935546875 63.525745391845703125 64.8666839599609375 65.350189208984375 65.36071014404296875 64.8288421630859375 65.6216583251953125 66.09464263916015625 65.9469451904296875 67.96329498291015625
109.7613372802734375 113.74619293212890625 115.0142364501953125 116.002593994140625 117.3955535888671875 120.5570526123046875 120.1746368408203125 114.12990570068359375 114.08364105224609375 113.6840667724609375 112.16712188720703125 107.4466705322265625 102.66357421875 97.9622802734375 95.1947784423828125 91.80312347412109375 87.92351531982421875 86.6814727783203125 86.23606109619140625 86.4036102294921875 86.28115081787109375 87.5904388427734375 89.25896453857421875 86.13886260986328125 85.75632476806640625 85.697540283203125 78.659698486328125 73.961944580078125 70.8727264404296875 69.75727081298828125 67.45526123046875 64.86113739013671875 62.90045928955078125 61.57720184326171875 60.352245330810546875 58.8178863525390625 58.64240264892578125 59.44964599609375 61.64575958251953125 61.68677520751953125 62.07021331787109375 63.9417877197265625 64.6254730224609375 65.66550445556640625 67.56368255615234375 66.668304443359375 66.2894439697265625 67.00560760498046875 68.81430816650390625
107.1579437255859375 109.80389404296875 111.82395172119140625 113.15050506591796875 113.459991455078125 117.331787109375 117.16385650634765625 110.22900390625 109.9702301025390625 109.56716156005859375 108.238189697265625 104.687530517578125 100.75164031982421875 96.49947357177734375 92.2996673583984375 89.32573699951171875 87.513336181640625 86.13831329345703125 85.6529388427734375 85.93187713623046875 86.867340087890625 88.15886688232421875 89.07430267333984375 85.18427276611328125 83.78993988037109375 82.430023193359375 73.26361846923828125 69.5683441162109375 68.40320587158203125 66.664825439453125 63.99011993408203125 61.12160491943359375 58.875499725341796875 57.977573394775390625 57.65271759033203125 57.663394927978515625 57.7124481201171875 58.509578704833984375 60.96225738525390625 61.565883636474609375 62.467197418212890625 64.652618408203125 65.79111480712890625 67.67478179931640625 71.00067901611328125 69.08191680908203125 68.09745025634765625 69.12082672119140625 69.9020233154296875
109.94693756103515625 110.84835052490234375 114.81659698486328125 117.82408905029296875 118.12207794189453125 120.75402069091796875 121.55574798583984375 119.1462554931640625 118.052093505859375 115.65143585205078125 111.4371490478515625 105.7986602783203125 100.798065185546875 96.560272216796875 92.7143402099609375 90.37345123291015625 89.45963287353515625 89.12781524658203125 89.15157318115234375 89.4552764892578125 89.70742034912109375 89.76200103759765625 89.24840545654296875 85.368499755859375 83.773223876953125 82.0018157958984375 71.93398284912109375 67.356201171875 64.9884185791015625 60.65941619873046875 59.051982879638671875 58.44373321533203125 57.481700897216796875 56.3436737060546875 55.90601348876953125 57.526561737060546875 57.917148590087890625 59.1766357421875 63.1246795654296875 64.34964752197265625 65.53948211669921875 67.72971343994140625 69.1652679443359375 70.564697265625 72.09162139892578125 71.67943572998046875 71.515106201171875 71.9609832763671875 70.63970184326171875
100.38416290283203125 104.287750244140625 106.9604949951171875 109.8617706298828125 113.5735321044921875 118.5398712158203125 120.6680908203125 118.29449462890625 117.99756622314453125 116.88558197021484375 114.502655029296875 110.8762969970703125 105.56317901611328125 98.4673919677734375 96.1478729248046875 93.17073822021484375 89.6827545166015625 89.2232666015625 88.46681976318359375 87.51186370849609375 87.03391265869140625 85.36688995361328125 82.78701019287109375 79.4126129150390625 77.48778533935546875 75.07878875732421875 65.34307098388671875 61.68074798583984375 60.68505859375 58.454357147216796875 56.337291717529296875 54.450099945068359375 53.176151275634765625 52.4928741455078125 52.4396820068359375 53.56119537353515625 53.883026123046875 55.605792999267578125 60.952480316162109375 63.383655548095703125 65.23918914794921875 67.15380096435546875 69.0804443359375 70.7085113525390625 71.85855865478515625 71.876190185546875 71.3116607666015625 70.1191253662109375 69.63568878173828125
93.613189697265625 97.66249847412109375 98.9868316650390625 100.78432464599609375 104.3179779052734375 110.1143646240234375 113.5272979736328125 112.9153900146484375 113.67609405517578125 113.753997802734375 112.80804443359375 110.19130706787109375 105.6425933837890625 99.0637054443359375 96.30539703369140625 93.08934783935546875 89.49294281005859375 87.3796539306640625 85.5687255859375 84.0305328369140625 82.87578582763671875 80.4749755859375 77.16664886474609375 73.40711212158203125 70.24835205078125 66.7670135498046875 59.574314117431640625 56.9124908447265625 56.26735687255859375 54.816074371337890625 52.4010467529296875 50.044464111328125 49.189052581787109375 48.9433135986328125 49.262935638427734375 50.564544677734375 50.9212799072265625 52.672786712646484375 58.121612548828125 61.4013519287109375 63.940402984619140625 65.93573760986328125 67.67551422119140625 69.132904052734375 70.20360565185546875 70.33658599853515625 69.74750518798828125 68.3134002685546875 67.931976318359375
