imgs/North glacier/glate_unconstrained_hat_resized.tif
ncols        305
nrows        320
xllcorner    597500.000000000000
yllcorner    6751000.000000000000
cellsize     20.000000000000
NODATA_value  -9999
[rows 88 to 109 of 320, columns 49 to 97 of 305]
86.51723480224609375 82.9976959228515625 79.675567626953125 77.23374176025390625 74.08258819580078125 71.98126983642578125 71.1727142333984375 68.42626953125 65.91933441162109375 63.696384429931640625 61.38265228271484375 59.222015380859375 57.33173370361328125 57.776584625244140625 57.67308807373046875 57.2170867919921875 57.262218475341796875 57.41928863525390625 -nan(ind) -nan(ind) -nan(ind) -nan(ind) -nan(ind) -nan(ind) -nan(ind) -nan(ind) -nan(ind) -nan(ind) -nan(ind) -nan(ind) -nan(ind) -nan(ind) -nan(ind) -nan(ind) -nan(ind) -nan(ind) -nan(ind) -nan(ind) -nan(ind) -nan(ind) -nan(ind) -nan(ind) -nan(ind) -nan(ind) -nan(ind) -nan(ind) -nan(ind) -nan(ind) -nan(ind)
88.36780548095703125 84.40798187255859375 80.81557464599609375 78.38730621337890625 75.426116943359375 72.86322784423828125 70.81092071533203125 68.43030548095703125 66.13887786865234375 63.950801849365234375 62.102550506591796875 60.582248687744140625 59.4272003173828125 59.65618896484375 59.85894012451171875 60.039806365966796875 60.196620941162109375 61.25939178466796875 62.658878326416015625 62.5482635498046875 -nan(ind) -nan(ind) -nan(ind) -nan(ind) -nan(ind) -nan(ind) -nan(ind) -nan(ind) -nan(ind) -nan(ind) -nan(ind) -nan(ind) -nan(ind) -nan(ind) -nan(ind) -nan(ind) -nan(ind) -nan(ind) -nan(ind) -nan(ind) -nan(ind) -nan(ind) -nan(ind) -nan(ind) -nan(ind) -nan(ind) -nan(ind) -nan(ind) -nan(ind)
87.7818450927734375 83.8930206298828125 80.36447906494140625 77.94602203369140625 74.0960235595703125 70.3339385986328125 66.7847137451171875 64.850799560546875 63.43335723876953125 62.495754241943359375 61.254665374755859375 60.773296356201171875 60.9663238525390625 61.4604949951171875 61.91051483154296875 62.346103668212890625 62.955341339111328125 65.1753997802734375 67.9695281982421875 67.91873931884765625 65.18914794921875 -nan(ind) -nan(ind) -nan(ind) -nan(ind) -nan(ind) -nan(ind) -nan(ind) -nan(ind) -nan(ind) -nan(ind) -nan(ind) -nan(ind) -nan(ind) -nan(ind) -nan(ind) -nan(ind) -nan(ind) -nan(ind) -nan(ind) -nan(ind) -nan(ind) -nan(ind) -nan(ind) -nan(ind) -nan(ind) -nan(ind) -nan(ind) -nan(ind)
83.750946044921875 78.906402587890625 75.52413177490234375 74.94610595703125 70.11997222900390625 66.551849365234375 64.79186248779296875 62.791858673095703125 61.722248077392578125 61.56484222412109375 59.51667022705078125 58.681568145751953125 58.980434417724609375 60.726703643798828125 61.663013458251953125 62.180767059326171875 64.41534423828125 66.95241546630859375 69.54372406005859375 71.25290679931640625 71.44727325439453125 -nan(ind) -nan(ind) -nan(ind) -nan(ind) -nan(ind) -nan(ind) -nan(ind) -nan(ind) -nan(ind) -nan(ind) -nan(ind) -nan(ind) -nan(ind) -nan(ind) -nan(ind) -nan(ind) -nan(ind) -nan(ind) -nan(ind) -nan(ind) -nan(ind) -nan(ind) -nan(ind) -nan(ind) -nan(ind) -nan(ind) -nan(ind) -nan(ind)
80.452301025390625 75.038177490234375 71.99433135986328125 73.1050567626953125 68.495574951171875 65.5519561767578125 65.00991058349609375 63.672588348388671875 62.882122039794921875 62.645893096923828125 61.490367889404296875 60.726726531982421875 60.42356109619140625 62.18029022216796875 63.125278472900390625 63.6515350341796875 65.90558624267578125 68.96987152099609375 72.25136566162109375 73.6374359130859375 75.27915191650390625 75.7918243408203125 70.22920989990234375 -nan(ind) -nan(ind) -nan(ind) -nan(ind) -nan(ind) -nan(ind) -nan(ind) -nan(ind) -nan(ind) -nan(ind) -nan(ind) -nan(ind) -nan(ind) -nan(ind) -nan(ind) -nan(ind) -nan(ind) -nan(ind) -nan(ind) -nan(ind) -nan(ind) -nan(ind) -nan(ind) -nan(ind) -nan(ind) -nan(ind)
78.7619171142578125 73.5918121337890625 70.95136260986328125 72.64032745361328125 69.341217041015625 67.44947052001953125 67.5984649658203125 65.97696685791015625 64.99330902099609375 64.6873016357421875 64.01383209228515625 63.339069366455078125 62.782070159912109375 64.23577880859375 65.33773040771484375 66.4394073486328125 70.02251434326171875 73.7409210205078125 77.13216400146484375 77.84771728515625 79.62225341796875 81.08444976806640625 78.3427581787109375 73.94777679443359375 -nan(ind) -nan(ind) -nan(ind) -nan(ind) -nan(ind) -nan(ind) -nan(ind) -nan(ind) -nan(ind) -nan(ind) -nan(ind) -nan(ind) -nan(ind) -nan(ind) -nan(ind) -nan(ind) -nan(ind) -nan(ind) -nan(ind) -nan(ind) -nan(ind) -nan(ind) -nan(ind) -nan(ind) -nan(ind)
79.70824432373046875 76.10699462890625 73.88227081298828125 74.1237640380859375 73.52573394775390625 73.2498321533203125 73.41802215576171875 69.2880859375 67.2520751953125 67.39109039306640625 65.43365478515625 64.6346282958984375 64.89654541015625 66.1697845458984375 67.98758697509765625 70.7863311767578125 79.1211090087890625 83.61342620849609375 85.49245452880859375 86.08286285400390625 86.3437042236328125 86.17005157470703125 84.75096893310546875 79.4889984130859375 -nan(ind) -nan(ind) -nan(ind) -nan(ind) -nan(ind) -nan(ind) -nan(ind) -nan(ind) -nan(ind) -nan(ind) -nan(ind) -nan(ind) -nan(ind) -nan(ind) -nan(ind) -nan(ind) -nan(ind) -nan(ind) -nan(ind) -nan(ind) -nan(ind) -nan(ind) -nan(ind) -nan(ind) -nan(ind)
79.96576690673828125 75.8229217529296875 73.518280029296875 74.402801513671875 73.12720489501953125 72.2321624755859375 71.95078277587890625 68.609161376953125 67.0060882568359375 67.19669342041015625 65.602630615234375 65.027069091796875 65.54430389404296875 69.6566619873046875 74.73007965087890625 80.4665069580078125 85.7564544677734375 89.8250579833984375 93.407867431640625 98.81925201416015625 97.99504852294921875 94.37579345703125 93.25286865234375 86.46152496337890625 -nan(ind) -nan(ind) -nan(ind) -nan(ind) -nan(ind) -nan(ind) -nan(ind) -nan(ind) -nan(ind) -nan(ind) -nan(ind) -nan(ind) -nan(ind) -nan(ind) -nan(ind) -nan(ind) -nan(ind) -nan(ind) -nan(ind) -nan(ind) -nan(ind) -nan(ind) -nan(ind) -nan(ind) -nan(ind)
77.4886474609375 74.34148406982421875 72.811737060546875 74.021697998046875 72.64430999755859375 71.57213592529296875 71.0572967529296875 68.2529449462890625 66.93689727783203125 67.158294677734375 66.395172119140625 66.44394683837890625 67.4781494140625 73.311279296875 79.75107574462890625 86.3911590576171875 90.66179656982421875 95.5531005859375 100.9771728515625 107.32720184326171875 104.83911895751953125 98.71479034423828125 97.69140625 90.0932159423828125 81.73486328125 81.48160552978515625 -nan(ind) -nan(ind) -nan(ind) -nan(ind) -nan(ind) -nan(ind) -nan(ind) -nan(ind) -nan(ind) -nan(ind) -nan(ind) -nan(ind) -nan(ind) -nan(ind) -nan(ind) -nan(ind) -nan(ind) -nan(ind) -nan(ind) -nan(ind) -nan(ind) -nan(ind) -nan(ind)
72.75153350830078125 72.12154388427734375 72.1366119384765625 73.179779052734375 72.50272369384765625 71.8764190673828125 71.44110107421875 68.756805419921875 67.5584564208984375 67.91246795654296875 68.33524322509765625 69.4344940185546875 71.36008453369140625 77.37320709228515625 83.0387115478515625 88.470672607421875 94.1233673095703125 100.86832427978515625 107.73838043212890625 110.9644317626953125 106.57318878173828125 99.37152099609375 98.1202392578125 90.6696929931640625 82.602447509765625 82.5511322021484375 79.72834014892578125 -nan(ind) -nan(ind) -nan(ind) -nan(ind) -nan(ind) -nan(ind) -nan(ind) -nan(ind) -nan(ind) -nan(ind) -nan(ind) -nan(ind) -nan(ind) -nan(ind) -nan(ind) -nan(ind) -nan(ind) -nan(ind) -nan(ind) -nan(ind) -nan(ind) -nan(ind)
72.9536285400390625 72.5429840087890625 72.60076141357421875 73.4967193603515625 72.82526397705078125 72.55579376220703125 72.880096435546875 71.6423187255859375 71.76946258544921875 73.316497802734375 75.2374114990234375 78.03438568115234375 81.624786376953125 85.82855224609375 90.2782440185546875 94.8209381103515625 98.5157470703125 103.36191558837890625 108.57669830322265625 111.4871826171875 109.647491455078125 105.33571624755859375 101.279052734375 96.0640411376953125 91.381622314453125 90.61693572998046875 85.67852020263671875 -nan(ind) -nan(ind) -nan(ind) -nan(ind) -nan(ind) -nan(ind) -nan(ind) -nan(ind) -nan(ind) -nan(ind) -nan(ind) -nan(ind) -nan(ind) -nan(ind) -nan(ind) -nan(ind) -nan(ind) -nan(ind) -nan(ind) -nan(ind) -nan(ind) -nan(ind)
74.09937286376953125 73.6172943115234375 73.6318511962890625 74.53397369384765625 75.04474639892578125 75.73360443115234375 76.66241455078125 76.52715301513671875 77.2862701416015625 78.9751739501953125 80.8203582763671875 83.157562255859375 85.97246551513671875 89.67438507080078125 93.4879302978515625 97.2748870849609375 100.0188751220703125 103.47650146484375 107.20241546630859375 109.75855255126953125 108.09160614013671875 104.39638519287109375 101.741973876953125 97.8331756591796875 94.15003204345703125 93.39794158935546875 87.82509613037109375 81.67272186279296875 79.1150360107421875 -nan(ind) -nan(ind) -nan(ind) -nan(ind) -nan(ind) -nan(ind) -nan(ind) -nan(ind) -nan(ind) -nan(ind) -nan(ind) -nan(ind) -nan(ind) -nan(ind) -nan(ind) -nan(ind) -nan(ind) -nan(ind) -nan(ind) -nan(ind)
75.30789947509765625 74.66977691650390625 74.6980133056640625 75.85059356689453125 77.6315765380859375 79.307830810546875 80.8126068115234375 81.4053192138671875 82.36297607421875 83.7063751220703125 84.85832977294921875 85.9276885986328125 87.0662078857421875 90.581512451171875 93.881927490234375 96.92676544189453125 99.04454803466796875 101.2281951904296875 103.50620269775390625 106.12795257568359375 103.814422607421875 99.7272186279296875 99.7220458984375 96.803009033203125 93.39888763427734375 93.03324127197265625 87.5139923095703125 81.42250823974609375 79.3158721923828125 77.099884033203125 -nan(ind) -nan(ind) -nan(ind) -nan(ind) -nan(ind) -nan(ind) -nan(ind) -nan(ind) -nan(ind) -nan(ind) -nan(ind) -nan(ind) -nan(ind) -nan(ind) -nan(ind) -nan(ind) -nan(ind) -nan(ind) -nan(ind)
75.0935516357421875 74.5234527587890625 74.90068817138671875 76.841583251953125 78.1505279541015625 79.87125396728515625 82.1259765625 82.80998992919921875 83.739288330078125 84.9505615234375 86.09745025634765625 86.968536376953125 87.6835784912109375 89.79067230224609375 91.98145294189453125 94.09838104248046875 94.91796112060546875 95.32320404052734375 96.0006103515625 100.13482666015625 98.58933258056640625 94.72109222412109375 94.1983642578125 92.83373260498046875 91.46044921875 91.45632171630859375 85.69417572021484375 79.24877166748046875 77.12372589111328125 74.49109649658203125 -nan(ind) -nan(ind) -nan(ind) -nan(ind) -nan(ind) -nan(ind) -nan(ind) -nan(ind) -nan(ind) -nan(ind) -nan(ind) -nan(ind) -nan(ind) -nan(ind) -nan(ind) -nan(ind) -nan(ind) -nan(ind) -nan(ind)
73.9622955322265625 73.9399566650390625 74.64983367919921875 76.5911865234375 78.29198455810546875 80.3104095458984375 82.7219085693359375 83.3993377685546875 84.17877960205078125 85.10950469970703125 86.57071685791015625 87.523773193359375 88.121826171875 90.1430816650390625 92.06439971923828125 93.767486572265625 94.08890533447265625 93.5218353271484375 92.80716705322265625 94.7588958740234375 92.08499908447265625 87.73392486572265625 87.1376953125 86.0089874267578125 84.66255950927734375 83.3892059326171875 79.6513519287109375 75.35193634033203125 72.09435272216796875 71.06137847900390625 70.196746826171875 68.105133056640625 -nan(ind) -nan(ind) -nan(ind) -nan(ind) -nan(ind) -nan(ind) -nan(ind) -nan(ind) -nan(ind) -nan(ind) -nan(ind) -nan(ind) -nan(ind) -nan(ind) -nan(ind) -nan(ind) -nan(ind)
74.2488861083984375 74.84275054931640625 75.952545166015625 77.91051483154296875 79.56113433837890625 81.3452911376953125 83.31043243408203125 83.953338623046875 84.7612762451171875 85.78058624267578125 87.66263580322265625 88.76519775390625 89.28267669677734375 91.298370361328125 93.10137176513671875 94.5651092529296875 94.28588104248046875 93.0753631591796875 91.4615631103515625 91.0292816162109375 88.0974273681640625 84.4740447998046875 83.91129302978515625 83.02457427978515625 81.672760009765625 79.122833251953125 76.3186492919921875 73.15477752685546875 69.1931915283203125 69.33354949951171875 69.61109161376953125 67.199676513671875 68.11138916015625 -nan(ind) -nan(ind) -nan(ind) -nan(ind) -nan(ind) -nan(ind) -nan(ind) -nan(ind) -nan(ind) -nan(ind) -nan(ind) -nan(ind) -nan(ind) -nan(ind) -nan(ind) -nan(ind)
77.0990447998046875 78.24111175537109375 79.86257171630859375 82.15081787109375 82.740509033203125 83.36180877685546875 84.149871826171875 84.750152587890625 85.91130828857421875 87.65360260009765625 90.006988525390625 91.26261138916015625 91.64461517333984375 93.2969818115234375 94.9116973876953125 96.22216033935546875 94.88848114013671875 93.25628662109375 91.44168853759765625 89.66088104248046875 88.53289031982421875 87.79627227783203125 87.2726287841796875 87.11992645263671875 86.44541168212890625 83.204132080078125 78.79010772705078125 74.25911712646484375 70.67464447021484375 70.58054351806640625 70.70413970947265625 68.78826904296875 69.99639892578125 -nan(ind) -nan(ind) -nan(ind) -nan(ind) -nan(ind) -nan(ind) -nan(ind) -nan(ind) -nan(ind) -nan(ind) -nan(ind) -nan(ind) -nan(ind) -nan(ind) -nan(ind) -nan(ind)
80.2478485107421875 81.2248992919921875 82.1573638916015625 83.159210205078125 83.77440643310546875 85.158843994140625 87.48035430908203125 87.54033660888671875 88.4134063720703125 90.1454620361328125 91.12409210205078125 91.90276336669921875 92.50826263427734375 93.1076202392578125 93.687652587890625 94.09865570068359375 93.02947235107421875 91.21930694580078125 89.16736602783203125 88.56877899169921875 87.5959014892578125 86.6019744873046875 86.46265411376953125 84.853485107421875 82.39052581787109375 79.1849365234375 76.1053009033203125 73.174468994140625 70.55071258544921875 70.9513397216796875 71.60357666015625 70.6436309814453125 72.7912139892578125 75.71120452880859375 78.703369140625 -nan(ind) -nan(ind) -nan(ind) -nan(ind) -nan(ind) -nan(ind) -nan(ind) -nan(ind) -nan(ind) -nan(ind) -nan(ind) -nan(ind) -nan(ind) -nan(ind)
80.752838134765625 81.545501708984375 82.4384918212890625 83.652862548828125 84.3008270263671875 85.96602630615234375 88.87461090087890625 88.8980865478515625 89.670562744140625 91.2439117431640625 91.6320037841796875 92.10422515869140625 92.60034942626953125 92.270843505859375 92.00530242919921875 91.717926025390625 90.76987457275390625 88.3152313232421875 85.54123687744140625 86.84033203125 84.9529571533203125 82.2281341552734375 83.616790771484375 81.374267578125 77.87725067138671875 75.73859405517578125 73.39251708984375 71.16800689697265625 69.537689208984375 70.302581787109375 71.2676239013671875 70.95806884765625 73.92719268798828125 77.44495391845703125 80.492462158203125 83.3841094970703125 85.1923675537109375 85.17668914794921875 -nan(ind) -nan(ind) -nan(ind) -nan(ind) -nan(ind) -nan(ind) -nan(ind) -nan(ind) -nan(ind) -nan(ind) -nan(ind)
79.56262969970703125 80.218292236328125 81.55728912353515625 84.035919189453125 84.6100616455078125 85.98264312744140625 88.44245147705078125 88.77799224853515625 89.54842376708984375 90.7883758544921875 91.01567840576171875 91.4337158203125 91.9315338134765625 90.99056243896484375 89.996734619140625 89.01412200927734375 88.51221466064453125 85.32486724853515625 81.52376556396484375 84.693603515625 81.50653076171875 76.62883758544921875 79.8616790771484375 77.8271331787109375 74.24140167236328125 73.62947845458984375 71.52013397216796875 69.35335540771484375 68.670928955078125 69.6122589111328125 70.681243896484375 70.8663787841796875 74.28781890869140625 78.180084228515625 81.46302032470703125 84.08975982666015625 85.61956024169921875 85.45810699462890625 86.04598236083984375 -nan(ind) -nan(ind) -nan(ind) -nan(ind) -nan(ind) -nan(ind) -nan(ind) -nan(ind) -nan(ind) -nan(ind)
82.14707183837890625 82.97469329833984375 84.09439849853515625 86.04816436767578125 85.9645233154296875 86.22440338134765625 87.044891357421875 87.0652618408203125 87.2817535400390625 87.673980712890625 85.7317657470703125 86.75213623046875 90.1240234375 89.96231842041015625 87.7706146240234375 84.75238037109375 88.1655426025390625 86.46585845947265625 82.3519287109375 83.4240264892578125 82.25669097900390625 80.39945220947265625 80.94637298583984375 79.76183319091796875 77.83245849609375 76.0029754638671875 74.782958984375 74.002166748046875 73.86479949951171875 74.5687103271484375 75.6798858642578125 77.17303466796875 79.23703765869140625 81.51454925537109375 83.9522552490234375 85.52509307861328125 86.1170196533203125 85.2833099365234375 84.92974853515625 -nan(ind) -nan(ind) -nan(ind) -nan(ind) -nan(ind) -nan(ind) -nan(ind) -nan(ind) -nan(ind) -nan(ind)
85.788970947265625 86.98049163818359375 87.8830718994140625 88.74311065673828125 88.60904693603515625 88.7298126220703125 89.22701263427734375 88.911651611328125 88.650177001953125 88.45096588134765625 87.64519500732421875 88.275604248046875 90.0303192138671875 89.8074188232421875 88.3182830810546875 86.36370086669921875 88.89995574951171875 87.84360504150390625 85.04167938232421875 85.56463623046875 85.3914794921875 84.87232208251953125 84.46871185302734375 82.559967041015625 80.24233245849609375 78.9027557373046875 77.67813873291015625 76.662139892578125 76.14482879638671875 77.09505462646484375 78.88024139404296875 81.63837432861328125 83.2583160400390625 85.48470306396484375 89.50942230224609375 90.60628509521484375 89.71514129638671875 86.30130767822265625 85.6613006591796875 84.95958709716796875 83.6433563232421875 81.56827545166015625 -nan(ind) -nan(ind) -nan(ind) -nan(ind) -nan(ind) -nan(ind) -nan(ind)
