imgs/North glacier/glate_full_resized.tif
ncols        305
nrows        320
xllcorner    597500.000000000000
yllcorner    6751000.000000000000
cellsize     20.000000000000
NODATA_value  -9999
[rows 176 to 197 of 320, columns 150 to 199 of 305]
80.587432861328125 87.75322723388671875 94.7808685302734375 101.133209228515625 105.69916534423828125 110.329315185546875 115.09747314453125 120.147308349609375 124.52764892578125 128.3702392578125 131.449432373046875 134.0123748779296875 136.3291168212890625 138.38079833984375 140.3125762939453125 142.24169921875 144.1867523193359375 147.1720123291015625 150.33526611328125 153.624847412109375 155.6479339599609375 157.6217193603515625 159.5896759033203125 162.30816650390625 164.3319244384765625 165.749725341796875 167.2849578857421875 168.431671142578125 169.2034149169921875 169.140716552734375 168.7389984130859375 168.06494140625 167.018951416015625 165.8765716552734375 164.6660614013671875 163.3768463134765625 161.9547576904296875 160.451019287109375 158.8662109375 157.2577362060546875 155.6113739013671875 153.8757171630859375 152.139678955078125 150.485687255859375 149.0386505126953125 147.9456634521484375 147.024383544921875 146.2815399169921875 145.86419677734375 145.79156494140625
72.80684661865234375 80.58307647705078125 87.337677001953125 93.1180877685546875 97.14356231689453125 101.6178131103515625 106.43762969970703125 111.77057647705078125 116.37493133544921875 120.39270782470703125 123.57704925537109375 126.49132537841796875 129.312286376953125 132.0534210205078125 134.6557769775390625 137.15057373046875 139.5166168212890625 142.9018096923828125 146.4127197265625 149.9887847900390625 151.8812103271484375 153.734619140625 155.6075439453125 158.469512939453125 160.7892303466796875 162.6208648681640625 164.2629852294921875 165.6124725341796875 166.670440673828125 167.0081329345703125 167.003448486328125 166.7335968017578125 166.15533447265625 165.529266357421875 164.858856201171875 164.0970306396484375 163.14837646484375 162.093017578125 160.954742431640625 159.80419921875 158.6157989501953125 157.3249664306640625 155.9827423095703125 154.6999053955078125 153.6065673828125 153.0586700439453125 152.713470458984375 152.51348876953125 152.5843963623046875 152.6686553955078125
64.853302001953125 72.82682037353515625 79.29544830322265625 84.80895233154296875 89.1051177978515625 93.33919525146484375 97.92020416259765625 103.3578338623046875 107.9893951416015625 112.018463134765625 115.2166900634765625 118.53287506103515625 121.985504150390625 125.63173675537109375 129.18878173828125 132.5707244873046875 135.7205963134765625 139.416046142578125 143.074798583984375 146.6432342529296875 148.5250701904296875 150.350250244140625 152.1721038818359375 154.59588623046875 156.83648681640625 158.9002532958984375 160.677490234375 162.2243194580078125 163.5402374267578125 164.2747955322265625 164.718505859375 164.940704345703125 164.9261322021484375 164.8923187255859375 164.822845458984375 164.6280975341796875 164.2128448486328125 163.67010498046875 163.023590087890625 162.3451690673828125 161.60906982421875 160.732330322265625 159.781097412109375 158.8722991943359375 158.1282958984375 158.1522369384765625 158.3935546875 158.696624755859375 158.96856689453125 158.9486846923828125
56.8093414306640625 64.64404296875 71.212127685546875 77.14653778076171875 82.54154205322265625 87.38803863525390625 91.7143707275390625 95.1840362548828125 98.6214599609375 102.10324859619140625 105.68636322021484375 109.8341827392578125 114.23229217529296875 118.8889923095703125 123.42990875244140625 127.7179718017578125 131.6687774658203125 135.576141357421875 139.2627105712890625 142.687225341796875 144.7856597900390625 146.75665283203125 148.6376190185546875 150.8283538818359375 152.9785614013671875 155.08001708984375 156.9393463134765625 158.6436004638671875 160.1885986328125 161.3033447265625 162.209930419921875 162.961700439453125 163.5692596435546875 164.1608734130859375 164.7177276611328125 165.144927978515625 165.344818115234375 165.3995513916015625 165.2943878173828125 165.0703887939453125 164.71759033203125 164.1063079833984375 163.4877166748046875 163.0067291259765625 162.8784332275390625 163.304931640625 163.8313446044921875 164.2825469970703125 164.377288818359375 164.03680419921875
48.914180755615234375 56.408008575439453125 62.92517852783203125 68.972564697265625 74.6577606201171875 79.47855377197265625 83.44281768798828125 85.97054290771484375 88.75727081298828125 92.01255035400390625 96.0749359130859375 101.14801788330078125 106.5852813720703125 112.34637451171875 117.84101104736328125 122.94915771484375 127.5564727783203125 131.69329833984375 135.4419708251953125 138.7632293701171875 141.0057373046875 143.078338623046875 145.0075836181640625 147.0286407470703125 149.0856781005859375 151.1652069091796875 153.07379150390625 154.904388427734375 156.6494903564453125 158.123870849609375 159.4893798828125 160.7767333984375 162.007781982421875 163.2420806884765625 164.454681396484375 165.5506134033203125 166.4065399169921875 167.087677001953125 167.5173797607421875 167.70880126953125 167.6904754638671875 167.303619384765625 167.0381622314453125 166.96331787109375 167.2748260498046875 167.915740966796875 168.55328369140625 169.01470947265625 168.871002197265625 168.207183837890625
41.31182861328125 48.300235748291015625 54.61792755126953125 60.52243804931640625 65.92017364501953125 70.32004547119140625 73.926666259765625 76.3343048095703125 78.95661163330078125 82.232757568359375 86.69924163818359375 92.69426727294921875 99.19176483154296875 106.098907470703125 112.49517822265625 118.32230377197265625 123.4313201904296875 127.80272674560546875 131.6403656005859375 134.897918701171875 137.22314453125 139.3542022705078125 141.3108062744140625 143.1999359130859375 145.152435302734375 147.156463623046875 149.08056640625 151.0088043212890625 152.9299163818359375 154.747528076171875 156.5654449462890625 158.3888702392578125 160.2485504150390625 162.1412353515625 164.0338134765625 165.836944580078125 167.3741912841796875 168.69000244140625 169.6202850341796875 170.17987060546875 170.45587158203125 170.2900848388671875 170.365142822265625 170.63421630859375 171.205535888671875 171.908782958984375 172.523193359375 172.8835906982421875 172.4709625244140625 171.5042266845703125
34.654163360595703125 41.019634246826171875 46.919971466064453125 52.477207183837890625 57.521831512451171875 61.752147674560546875 65.39807891845703125 68.2134857177734375 71.2058258056640625 74.6199798583984375 78.785308837890625 85.3588104248046875 92.6950225830078125 100.62860870361328125 107.771331787109375 114.11223602294921875 119.453155517578125 124.02333831787109375 127.96466064453125 131.21429443359375 133.5687408447265625 135.6965179443359375 137.613800048828125 139.338592529296875 141.1393890380859375 143.0080413818359375 144.8935394287109375 146.8845977783203125 148.962310791015625 151.112823486328125 153.3643646240234375 155.70550537109375 158.214752197265625 160.7839508056640625 163.37518310546875 165.914276123046875 168.1167449951171875 170.0074920654296875 171.2894744873046875 172.1172637939453125 172.6571197509765625 172.8389892578125 173.1197509765625 173.497406005859375 174.0426177978515625 174.7045440673828125 175.231719970703125 175.4163665771484375 174.7960662841796875 173.637969970703125
29.087434768676757813 34.80507659912109375 40.2429046630859375 45.43524932861328125 50.207927703857421875 54.3791961669921875 58.15767669677734375 61.414005279541015625 64.85372161865234375 68.68955230712890625 73.22325897216796875 79.8719635009765625 87.50032806396484375 96.16703033447265625 103.884033203125 110.6346282958984375 116.17937469482421875 120.7248382568359375 124.60491943359375 127.76862335205078125 130.083465576171875 132.13531494140625 133.9365386962890625 135.4298095703125 137.035064697265625 138.74664306640625 140.60064697265625 142.66546630859375 144.91131591796875 147.382843017578125 150.074737548828125 152.944366455078125 156.060760498046875 159.2649078369140625 162.5063018798828125 165.6963043212890625 168.4445037841796875 170.7720184326171875 172.256103515625 173.25897216796875 173.9942626953125 174.465667724609375 174.912628173828125 175.3859710693359375 175.9448699951171875 176.543304443359375 176.9912567138671875 177.10333251953125 176.3433380126953125 175.0914459228515625
24.375463485717773438 29.428575515747070313 34.383922576904296875 39.208415985107421875 43.757892608642578125 47.921413421630859375 51.8626251220703125 55.538738250732421875 59.45184326171875 63.799320220947265625 68.896392822265625 75.5494842529296875 83.20352935791015625 92.08611297607421875 100.120391845703125 107.17417144775390625 112.98558807373046875 117.50311279296875 121.32183074951171875 124.40883636474609375 126.66007232666015625 128.6001739501953125 130.2385711669921875 131.476593017578125 132.8716583251953125 134.4209136962890625 136.2650299072265625 138.41400146484375 140.83013916015625 143.6270599365234375 146.748077392578125 150.1222686767578125 153.8036041259765625 157.570068359375 161.3614959716796875 165.047607421875 168.2069854736328125 170.86669921875 172.528076171875 173.6999664306640625 174.6265106201171875 175.3672637939453125 175.9905242919921875 176.583953857421875 177.1934051513671875 177.76873779296875 178.1784515380859375 178.25830078125 177.4536590576171875 176.2071533203125
20.673694610595703125 25.045114517211914063 29.508586883544921875 33.9716949462890625 38.341907501220703125 42.525791168212890625 46.625896453857421875 50.65340423583984375 55.03874969482421875 59.882289886474609375 65.46941375732421875 72.341339111328125 79.855194091796875 88.07752227783203125 96.0128021240234375 103.22088623046875 109.4514312744140625 114.0955963134765625 117.9718475341796875 121.05789947509765625 123.24475860595703125 125.05019378662109375 126.48273468017578125 127.4642486572265625 128.64990234375 130.0413818359375 131.916015625 134.1630706787109375 136.74560546875 139.8857421875 143.4074554443359375 147.2281036376953125 151.4162445068359375 155.6222686767578125 159.7880706787109375 163.706085205078125 167.079925537109375 169.95166015625 171.8461761474609375 173.2415771484375 174.399993896484375 175.40960693359375 176.2589569091796875 177.033050537109375 177.7418975830078125 178.3951263427734375 178.84698486328125 178.9049835205078125 178.2065582275390625 177.10357666015625
17.746732711791992188 21.545803070068359375 25.592962265014648438 29.746587753295898438 33.955783843994140625 38.151821136474609375 42.37378692626953125 46.665584564208984375 51.395427703857421875 56.577907562255859375 62.4580078125 69.38396453857421875 76.7774200439453125 84.65633392333984375 92.349029541015625 99.4580230712890625 105.77512359619140625 110.47901153564453125 114.4037322998046875 117.5269775390625 119.65093994140625 121.3470458984375 122.6251983642578125 123.4435882568359375 124.53228759765625 125.88939666748046875 127.80904388427734375 130.1460418701171875 132.85980224609375 136.2067413330078125 139.98443603515625 144.092010498046875 148.5629730224609375 152.935272216796875 157.2146148681640625 161.2987060546875 164.794891357421875 167.7830047607421875 169.8477020263671875 171.42950439453125 172.7905731201171875 174.0340118408203125 175.0990753173828125 176.0760345458984375 176.9694671630859375 177.7549896240234375 178.3348236083984375 178.538665771484375 178.0716552734375 177.2406005859375
15.126532554626464844 18.418649673461914063 22.088571548461914063 25.9564361572265625 30.010890960693359375 34.20703125 38.52484130859375 43.03429412841796875 48.03467559814453125 53.471103668212890625 59.549465179443359375 66.482635498046875 73.75914764404296875 81.368194580078125 88.80316162109375 95.73754119873046875 101.9951629638671875 106.73724365234375 110.702392578125 113.86051177978515625 115.961700439453125 117.60402679443359375 118.7985687255859375 119.5717926025390625 120.6477203369140625 122.02158355712890625 123.9761810302734375 126.36022186279296875 129.13360595703125 132.5752410888671875 136.4757537841796875 140.7171173095703125 145.274078369140625 149.7264251708984375 154.087493896484375 158.2774810791015625 161.848114013671875 164.91082763671875 167.1059112548828125 168.8380279541015625 170.36468505859375 171.79754638671875 173.0878143310546875 174.30255126953125 175.4376678466796875 176.4252777099609375 177.2147064208984375 177.664154052734375 177.514495849609375 177.026153564453125
12.756964683532714844 15.604384422302246094 18.932163238525390625 22.534490585327148438 26.43920135498046875 30.622404098510742188 35.010242462158203125 39.693531036376953125 44.894329071044921875 50.50586700439453125 56.698040008544921875 63.603565216064453125 70.76332855224609375 78.14711761474609375 85.3238525390625 92.03238677978515625 98.1151885986328125 102.8772430419921875 106.87625885009765625 110.06851959228515625 112.19774627685546875 113.8537445068359375 115.0483245849609375 115.90271759033203125 117.04874420166015625 118.480865478515625 120.45482635498046875 122.83446502685546875 125.58547210693359375 129.0039825439453125 132.88787841796875 137.105072021484375 141.55828857421875 146.021728515625 150.4501800537109375 154.67755126953125 158.2742767333984375 161.372833251953125 163.6609344482421875 165.5071258544921875 167.1626434326171875 168.74554443359375 170.2782440185546875 171.77362060546875 173.214080810546875 174.48590087890625 175.573883056640625 176.3628692626953125 176.6141815185546875 176.5341644287109375
10.547774314880371094 13.019413948059082031 16.031558990478515625 19.378520965576171875 23.139486312866210938 27.295095443725585938 31.721113204956054688 36.519741058349609375 41.839542388916015625 47.540943145751953125 53.764148712158203125 60.57910919189453125 67.60216522216796875 74.80641937255859375 81.701263427734375 88.19305419921875 94.167755126953125 98.90185546875 102.9537353515625 106.28934478759765625 108.567718505859375 110.40438079833984375 111.8121337890625 112.8964691162109375 114.18947601318359375 115.69024658203125 117.6358489990234375 119.91641998291015625 122.50861358642578125 125.70272064208984375 129.3756256103515625 133.3991546630859375 137.718048095703125 142.0572509765625 146.36260986328125 150.445159912109375 153.946075439453125 157.000152587890625 159.355377197265625 161.2929534912109375 163.0816497802734375 164.898223876953125 166.768157958984375 168.6705780029296875 170.6136627197265625 172.3800048828125 173.9401397705078125 175.1584930419921875 175.8935699462890625 176.2863006591796875
8.32430267333984375 10.4175262451171875 13.125795364379882813 16.229867935180664063 19.847238540649414063 23.966678619384765625 28.417875289916992188 33.31427764892578125 38.72634124755859375 44.48724365234375 50.708011627197265625 57.431728363037109375 64.3144989013671875 71.32177734375 78.042022705078125 84.40137481689453125 90.29937744140625 95.12368011474609375 99.33676910400390625 102.9049530029296875 105.4376373291015625 107.53411102294921875 109.2063751220703125 110.52754974365234375 111.9326171875 113.435455322265625 115.3826751708984375 117.5616912841796875 119.97402191162109375 122.98203277587890625 126.38172149658203125 130.07952880859375 134.0953369140625 138.1266021728515625 142.1248931884765625 145.91796875 149.254608154296875 152.2422637939453125 154.6880035400390625 156.7675628662109375 158.7369537353515625 160.7935638427734375 163.030517578125 165.388519287109375 167.911956787109375 170.1882781982421875 172.2103271484375 173.8259735107421875 175.024505615234375 175.8775482177734375
6.1068820953369140625 7.8275446891784667969 10.2356109619140625 13.094756126403808594 16.552379608154296875 20.6195831298828125 25.080686569213867188 30.06139373779296875 35.547771453857421875 41.349300384521484375 47.548919677734375 54.176647186279296875 60.9225311279296875 67.7458343505859375 74.36425018310546875 80.6611480712890625 86.53868865966796875 91.55158233642578125 96.0259857177734375 99.9253387451171875 102.7736358642578125 105.1761474609375 107.14421844482421875 108.69611358642578125 110.17510223388671875 111.6188507080078125 113.6034088134765625 115.7258453369140625 118.00368499755859375 120.80448150634765625 123.86031341552734375 127.123565673828125 130.6841583251953125 134.2451171875 137.7770233154296875 141.16375732421875 144.2872161865234375 147.19989013671875 149.7634735107421875 152.0357513427734375 154.2289276123046875 156.517791748046875 159.1166229248046875 161.94281005859375 165.1017608642578125 167.8797149658203125 170.3312835693359375 172.2939300537109375 173.9317779541015625 175.2358856201171875
3.9429762363433837891 5.3186497688293457031 7.4148192405700683594 9.9944210052490234375 13.231616973876953125 17.205102920532226563 21.647150039672851563 26.69982147216796875 32.25127410888671875 38.088603973388671875 44.26955413818359375 50.785045623779296875 57.4144439697265625 64.14014434814453125 70.69652557373046875 77.01009368896484375 83.00939178466796875 88.3229217529296875 93.1982879638671875 97.604217529296875 100.76971435546875 103.47980499267578125 105.749542236328125 107.49434661865234375 108.98027801513671875 110.280487060546875 112.3710174560546875 114.6102752685546875 116.9687347412109375 119.40056610107421875 121.98308563232421875 124.6908721923828125 127.5927276611328125 130.4742889404296875 133.3424530029296875 136.199066162109375 139.0746917724609375 141.9277191162109375 144.66064453125 147.2058563232421875 149.6810302734375 152.1592254638671875 155.0364837646484375 158.2728729248046875 162.1052398681640625 165.3202667236328125 168.1024017333984375 170.2935333251953125 172.3245391845703125 174.0719757080078125
-nan(ind) -nan(ind) -nan(ind) 7.0359344482421875 9.94545745849609375 13.765488624572753906 18.160802841186523438 23.30144500732421875 28.91400909423828125 34.77428436279296875 40.914943695068359375 47.325408935546875 53.8426361083984375 60.462245941162109375 67.00009918212890625 73.37641143798828125 79.53858184814453125 85.27031707763671875 90.63425445556640625 95.59185028076171875 99.0955810546875 102.07227325439453125 104.5417327880859375 106.55414581298828125 108.18517303466796875 109.5172271728515625 111.5409088134765625 113.7091827392578125 115.9748992919921875 118.1250457763671875 120.31787109375 122.53617095947265625 124.74185943603515625 126.8657989501953125 128.9849700927734375 131.3012542724609375 133.911651611328125 136.700927734375 139.662750244140625 142.590423583984375 145.4774627685546875 148.279327392578125 151.4561004638671875 154.9431610107421875 158.9217071533203125 162.3857269287109375 165.4634857177734375 167.99530029296875 170.2676849365234375 172.2553863525390625
-nan(ind) -nan(ind) -nan(ind) -nan(ind) -nan(ind) -nan(ind) 14.727515220642089844 19.937343597412109375 25.603727340698242188 31.474420547485351563 37.546977996826171875 43.83345794677734375 50.220249176025390625 56.7142181396484375 63.215351104736328125 69.63547515869140625 75.9403533935546875 82.065826416015625 87.91851806640625 93.45798492431640625 97.373321533203125 100.5891876220703125 103.1242218017578125 105.13164520263671875 106.80902099609375 108.2252044677734375 110.19445037841796875 112.30014801025390625 114.4904022216796875 116.49639892578125 118.45174407958984375 120.3388671875 121.98419189453125 123.458648681640625 124.913818359375 126.73451995849609375 129.060455322265625 131.7225189208984375 134.7918853759765625 137.9963531494140625 141.2350921630859375 144.422454833984375 147.9154510498046875 151.6245269775390625 155.641448974609375 159.2837982177734375 162.6089324951171875 165.461090087890625 167.9275054931640625 170.1042327880859375
-nan(ind) -nan(ind) -nan(ind) -nan(ind) -nan(ind) -nan(ind) 11.410281181335449219 16.6494598388671875 22.35889434814453125 28.2243194580078125 34.1907196044921875 40.31713104248046875 46.5399627685546875 52.878444671630859375 59.2913055419921875 65.70125579833984375 72.09500885009765625 78.51761627197265625 84.818878173828125 90.97153472900390625 95.4155120849609375 98.84209442138671875 101.25811767578125 102.7552032470703125 104.24448394775390625 105.75405120849609375 107.77014923095703125 109.91461944580078125 112.139373779296875 114.1984405517578125 116.140594482421875 117.93950653076171875 119.27631378173828125 120.324188232421875 121.301605224609375 122.70874786376953125 124.725006103515625 127.152130126953125 130.0919189453125 133.3400421142578125 136.7665863037109375 140.3841094970703125 144.2123870849609375 148.167816162109375 152.2805633544921875 156.0661163330078125 159.5713958740234375 162.6569366455078125 165.3057861328125 167.6768646240234375
-nan(ind) -nan(ind) -nan(ind) -nan(ind) -nan(ind) -nan(ind) -nan(ind) -nan(ind) 19.493404388427734375 25.2146453857421875 30.968000411987304688 36.83885955810546875 42.798126220703125 48.871547698974609375 55.0357208251953125 61.2272186279296875 67.44242095947265625 73.6981658935546875 79.8033905029296875 85.7239227294921875 90.227264404296875 93.8635711669921875 96.63581085205078125 98.4835662841796875 100.142791748046875 101.6473236083984375 103.36565399169921875 105.2481536865234375 107.252777099609375 109.242523193359375 111.18087005615234375 113.03011322021484375 114.4993896484375 115.6939849853515625 116.8043212890625 118.2373809814453125 120.20697021484375 122.5594482421875 125.4441375732421875 128.7183990478515625 132.243927001953125 136.090240478515625 140.1488189697265625 144.2872314453125 148.46240234375 152.3222198486328125 155.938873291015625 159.2075958251953125 161.9874725341796875 164.525390625
-nan(ind) -nan(ind) -nan(ind) -nan(ind) -nan(ind) -nan(ind) -nan(ind) -nan(ind) 16.9637451171875 22.433023452758789063 27.88544464111328125 33.430561065673828125 39.0569000244140625 44.79233551025390625 50.6265106201171875 56.50223541259765625 62.420413970947265625 68.365203857421875 74.13555908203125 79.69364166259765625 84.13344573974609375 87.89298248291015625 90.9724884033203125 93.14414215087890625 94.99362945556640625 96.559600830078125 98.1339111328125 99.8760223388671875 101.75318145751953125 103.71852874755859375 105.6794281005859375 107.59430694580078125 109.21709442138671875 110.61704254150390625 111.94297027587890625 113.50266265869140625 115.52216339111328125 117.880401611328125 120.73553466796875 124.02399444580078125 127.612274169921875 131.6198577880859375 135.844482421875 140.1189727783203125 144.350982666015625 148.2855987548828125 151.999664306640625 155.40399169921875 158.31109619140625 161.0153961181640625
